000000 0.252 0.247881 0.250119 0.249644
000100 0.000 0.547925 0.000000 0.452012
000200 0.000 0.550200 0.000000 0.449800
000300 0.000 0.557338 0.000000 0.442663
000400 0.000 0.557900 0.000000 0.442100
000500 0.000 0.550300 0.000000 0.449700
000600 0.000 0.563869 0.000000 0.436131
000700 0.000 0.574788 0.000000 0.425212
000800 0.000 0.580669 0.000000 0.419331
000900 0.000 0.587494 0.000000 0.412506
001000 0.000 0.581056 0.000000 0.418944
001100 0.000 0.581606 0.000000 0.418394
001200 0.000 0.586125 0.000000 0.413875
001300 0.000 0.583925 0.000000 0.416075
001400 0.000 0.585706 0.000000 0.414294
001500 0.000 0.592131 0.000000 0.407869
001600 0.000 0.591169 0.000000 0.408831
001700 0.000 0.592644 0.000000 0.407356
001800 0.000 0.592875 0.000000 0.407125
001900 0.000 0.590894 0.000000 0.409106
002000 0.000 0.591237 0.000000 0.408762
002100 0.000 0.588169 0.000000 0.411831
002200 0.000 0.587650 0.000000 0.412350
002300 0.000 0.595500 0.000000 0.404500
002400 0.000 0.593431 0.000000 0.406569
002500 0.000 0.589656 0.000000 0.410344
002600 0.000 0.580213 0.000000 0.419787
002700 0.000 0.568244 0.000000 0.431756
002800 0.000 0.554087 0.000000 0.445912
002900 0.000 0.569494 0.000000 0.430506
003000 0.000 0.564631 0.000000 0.435369
003100 0.000 0.562569 0.000000 0.437431
003200 0.000 0.561731 0.000000 0.438269
003300 0.000 0.559000 0.000000 0.441000
003400 0.000 0.561937 0.000000 0.438063
003500 0.000 0.564369 0.000000 0.435631
003600 0.000 0.571388 0.000000 0.428613
003700 0.000 0.567881 0.000000 0.432119
003800 0.000 0.571562 0.000000 0.428438
003900 0.000 0.562488 0.000000 0.437513
004000 0.000 0.556306 0.000000 0.443694
004100 0.000 0.563338 0.000000 0.436663
004200 0.000 0.567362 0.000000 0.432638
004300 0.000 0.571906 0.000000 0.428094
004400 0.000 0.577406 0.000000 0.422594
004500 0.000 0.566825 0.000000 0.433175
004600 0.000 0.572969 0.000000 0.427031
004700 0.000 0.570494 0.000000 0.429506
004800 0.000 0.570656 0.000000 0.429344
004900 0.000 0.570187 0.000000 0.429812
005000 0.000 0.570631 0.000000 0.429369
005100 0.000 0.569331 0.000000 0.430669
005200 0.000 0.570462 0.000000 0.429538
005300 0.000 0.581606 0.000000 0.418394
005400 0.000 0.573431 0.000000 0.426569
005500 0.000 0.570075 0.000000 0.429925
005600 0.000 0.569156 0.000000 0.430844
005700 0.000 0.575194 0.000000 0.424806
005800 0.000 0.574125 0.000000 0.425875
005900 0.000 0.563638 0.000000 0.436362
006000 0.000 0.549319 0.000000 0.450681
006100 0.000 0.547669 0.000000 0.452331
006200 0.000 0.542388 0.000000 0.457612
006300 0.000 0.529981 0.000000 0.470019
006400 0.000 0.522200 0.000000 0.477800
006500 0.000 0.522950 0.000000 0.477050
006600 0.000 0.520338 0.000000 0.479662
006700 0.000 0.511875 0.000000 0.488125
006800 0.000 0.518962 0.000000 0.481038
006900 0.000 0.517887 0.000000 0.482112
007000 0.000 0.510906 0.000000 0.489094
007100 0.000 0.511156 0.000000 0.488844
007200 0.000 0.507519 0.000000 0.492481
007300 0.000 0.501812 0.000000 0.498188
007400 0.000 0.502731 0.000000 0.497269
007500 0.000 0.504644 0.000000 0.495356
007600 0.000 0.501744 0.000000 0.498256
007700 0.000 0.494038 0.000000 0.505962
007800 0.000 0.493344 0.000000 0.506656
007900 0.000 0.500644 0.000000 0.499356
008000 0.000 0.497769 0.000000 0.502231
008100 0.000 0.493800 0.000000 0.506200
008200 0.000 0.498856 0.000000 0.501144
008300 0.000 0.496081 0.000000 0.503919
008400 0.000 0.495419 0.000000 0.504581
008500 0.000 0.505656 0.000000 0.494344
008600 0.000 0.504262 0.000000 0.495737
008700 0.000 0.510650 0.000000 0.489350
008800 0.000 0.505862 0.000000 0.494138
008900 0.000 0.512894 0.000000 0.487106
009000 0.000 0.503719 0.000000 0.496281
009100 0.000 0.500025 0.000000 0.499975
009200 0.000 0.508069 0.000000 0.491931
009300 0.000 0.518769 0.000000 0.481231
009400 0.000 0.522731 0.000000 0.477269
009500 0.000 0.524244 0.000000 0.475756
009600 0.000 0.537781 0.000000 0.462219
009700 0.000 0.540262 0.000000 0.459738
009800 0.000 0.537175 0.000000 0.462825
009900 0.000 0.540244 0.000000 0.459756
010000 0.000 0.550256 0.000000 0.449744
010100 0.000 0.549675 0.000000 0.450325
010200 0.000 0.546781 0.000000 0.453219
010300 0.000 0.538238 0.000000 0.461763
010400 0.000 0.542238 0.000000 0.457763
010500 0.000 0.544400 0.000000 0.455600
010600 0.000 0.540744 0.000000 0.459256
010700 0.000 0.547556 0.000000 0.452444
010800 0.000 0.545381 0.000000 0.454619
010900 0.000 0.546825 0.000000 0.453175
011000 0.000 0.544831 0.000000 0.455169
011100 0.000 0.544706 0.000000 0.455294
011200 0.000 0.545081 0.000000 0.454919
011300 0.000 0.545081 0.000000 0.454919
011400 0.000 0.545081 0.000000 0.454919
011500 0.000 0.545081 0.000000 0.454919
011600 0.000 0.545081 0.000000 0.454919
011700 0.000 0.545081 0.000000 0.454919
011800 0.000 0.545081 0.000000 0.454919
011900 0.000 0.545081 0.000000 0.454919
012000 0.000 0.545081 0.000000 0.454919
012100 0.000 0.545081 0.000000 0.454919
012200 0.000 0.545081 0.000000 0.454919
012300 0.000 0.545081 0.000000 0.454919
012400 0.000 0.545081 0.000000 0.454919
012500 0.000 0.545081 0.000000 0.454919
012600 0.000 0.545081 0.000000 0.454919
012700 0.000 0.545081 0.000000 0.454919
012800 0.000 0.545081 0.000000 0.454919
012900 0.000 0.545081 0.000000 0.454919
013000 0.000 0.545081 0.000000 0.454919
013100 0.000 0.545081 0.000000 0.454919
013200 0.000 0.545081 0.000000 0.454919
013300 0.000 0.545081 0.000000 0.454919
013400 0.000 0.545081 0.000000 0.454919
013500 0.000 0.545081 0.000000 0.454919
013600 0.000 0.545081 0.000000 0.454919
013700 0.000 0.545081 0.000000 0.454919
013800 0.000 0.545081 0.000000 0.454919
013900 0.000 0.545081 0.000000 0.454919
014000 0.000 0.545081 0.000000 0.454919
014100 0.000 0.545081 0.000000 0.454919
014200 0.000 0.545081 0.000000 0.454919
014300 0.000 0.545081 0.000000 0.454919
014400 0.000 0.545081 0.000000 0.454919
014500 0.000 0.545081 0.000000 0.454919
014600 0.000 0.545081 0.000000 0.454919
014700 0.000 0.545081 0.000000 0.454919
014800 0.000 0.545081 0.000000 0.454919
014900 0.000 0.545081 0.000000 0.454919
015000 0.000 0.545081 0.000000 0.454919
015100 0.000 0.545081 0.000000 0.454919
015200 0.000 0.545081 0.000000 0.454919
015300 0.000 0.545081 0.000000 0.454919
015400 0.000 0.545081 0.000000 0.454919
015500 0.000 0.545081 0.000000 0.454919
015600 0.000 0.545081 0.000000 0.454919
015700 0.000 0.545081 0.000000 0.454919
015800 0.000 0.545081 0.000000 0.454919
015900 0.000 0.545081 0.000000 0.454919
016000 0.000 0.545081 0.000000 0.454919
016100 0.000 0.545081 0.000000 0.454919
016200 0.000 0.545081 0.000000 0.454919
016300 0.000 0.545081 0.000000 0.454919
016400 0.000 0.545081 0.000000 0.454919
016500 0.000 0.545081 0.000000 0.454919
016600 0.000 0.545081 0.000000 0.454919
016700 0.000 0.545081 0.000000 0.454919
016800 0.000 0.545081 0.000000 0.454919
016900 0.000 0.545081 0.000000 0.454919
017000 0.000 0.545081 0.000000 0.454919
017100 0.000 0.545081 0.000000 0.454919
017200 0.000 0.545081 0.000000 0.454919
017300 0.000 0.545081 0.000000 0.454919
017400 0.000 0.545081 0.000000 0.454919
017500 0.000 0.545081 0.000000 0.454919
017600 0.000 0.545081 0.000000 0.454919
017700 0.000 0.545081 0.000000 0.454919
017800 0.000 0.545081 0.000000 0.454919
017900 0.000 0.545081 0.000000 0.454919
018000 0.000 0.545081 0.000000 0.454919
018100 0.000 0.545081 0.000000 0.454919
018200 0.000 0.545081 0.000000 0.454919
018300 0.000 0.545081 0.000000 0.454919
018400 0.000 0.545081 0.000000 0.454919
018500 0.000 0.545081 0.000000 0.454919
018600 0.000 0.545081 0.000000 0.454919
018700 0.000 0.545081 0.000000 0.454919
018800 0.000 0.545081 0.000000 0.454919
018900 0.000 0.545081 0.000000 0.454919
019000 0.000 0.545081 0.000000 0.454919
019100 0.000 0.545081 0.000000 0.454919
019200 0.000 0.545081 0.000000 0.454919
019300 0.000 0.545081 0.000000 0.454919
019400 0.000 0.545081 0.000000 0.454919
019500 0.000 0.545081 0.000000 0.454919
019600 0.000 0.545081 0.000000 0.454919
019700 0.000 0.545081 0.000000 0.454919
019800 0.000 0.545081 0.000000 0.454919
019900 0.000 0.545081 0.000000 0.454919
020000 0.000 0.545081 0.000000 0.454919
