000000 0.280 0.260000 0.215000 0.245000
000100 0.379 0.104538 0.224282 0.292579
000200 0.378 0.051191 0.235278 0.335377
000300 0.342 0.040663 0.247560 0.370060
000400 0.304 0.034348 0.260208 0.401217
000500 0.271 0.030722 0.269730 0.428884
000600 0.235 0.029641 0.280729 0.454135
000700 0.204 0.030007 0.289217 0.477044
000800 0.175 0.031050 0.298363 0.495806
000900 0.148 0.031583 0.307813 0.512244
001000 0.122 0.031850 0.316306 0.530158
001100 0.095 0.032278 0.324163 0.548261
001200 0.075 0.033401 0.328978 0.562577
001300 0.058 0.033461 0.332712 0.575872
001400 0.046 0.034574 0.333356 0.585956
001500 0.038 0.035457 0.338046 0.588272
001600 0.034 0.034493 0.339985 0.591078
001700 0.029 0.034459 0.342083 0.594526
001800 0.025 0.034319 0.342714 0.597704
001900 0.021 0.035225 0.341574 0.601890
002000 0.019 0.035135 0.341043 0.605118
002100 0.016 0.035392 0.341497 0.606857
002200 0.014 0.035604 0.343008 0.607845
002300 0.012 0.035819 0.342053 0.610488
002400 0.010 0.035630 0.343199 0.611316
002500 0.009 0.035668 0.344435 0.610952
002600 0.008 0.035108 0.344910 0.612360
002700 0.007 0.033256 0.348370 0.611146
002800 0.006 0.033034 0.350208 0.610555
002900 0.005 0.032937 0.351522 0.610327
003000 0.004 0.033976 0.352191 0.609533
003100 0.004 0.034523 0.352335 0.609522
003200 0.003 0.033897 0.355321 0.608026
003300 0.003 0.034627 0.355626 0.607185
003400 0.002 0.033817 0.354970 0.608873
003500 0.001 0.033633 0.356705 0.608200
003600 0.001 0.033200 0.358013 0.607631
003700 0.001 0.032142 0.359313 0.607338
003800 0.001 0.032431 0.359072 0.607294
003900 0.001 0.032076 0.359572 0.607192
004000 0.001 0.032200 0.360616 0.606356
004100 0.001 0.031751 0.362362 0.605246
004200 0.001 0.031039 0.365569 0.602697
004300 0.001 0.031095 0.366385 0.601971
004400 0.000 0.030372 0.364327 0.605092
004500 0.000 0.031001 0.365606 0.603177
004600 0.000 0.030944 0.366712 0.601987
004700 0.000 0.030878 0.365967 0.602918
004800 0.000 0.032143 0.365973 0.601748
004900 0.000 0.033023 0.367783 0.599122
005000 0.000 0.032443 0.366473 0.601010
005100 0.000 0.031451 0.364736 0.603774
005200 0.000 0.030844 0.364713 0.604385
005300 0.000 0.029891 0.368667 0.601317
005400 0.000 0.028872 0.367541 0.603401
005500 0.000 0.029167 0.367242 0.603497
005600 0.000 0.028857 0.366499 0.604619
005700 0.000 0.030053 0.366394 0.603531
005800 0.000 0.028972 0.367980 0.603048
005900 0.000 0.028521 0.367728 0.603751
006000 0.000 0.029160 0.369667 0.601174
006100 0.000 0.030060 0.368260 0.601680
006200 0.000 0.029700 0.365475 0.604825
006300 0.000 0.030142 0.364664 0.605194
006400 0.000 0.029168 0.366170 0.604662
006500 0.000 0.028919 0.367250 0.603831
006600 0.000 0.029874 0.367754 0.602372
006700 0.000 0.030764 0.365119 0.604117
006800 0.000 0.031799 0.362985 0.605216
006900 0.000 0.031220 0.366553 0.602227
007000 0.000 0.030583 0.366497 0.602921
007100 0.000 0.031785 0.365999 0.602216
007200 0.000 0.031024 0.366188 0.602788
007300 0.000 0.031527 0.366725 0.601748
007400 0.000 0.032344 0.366606 0.601050
007500 0.000 0.033042 0.367988 0.598971
007600 0.000 0.032633 0.364045 0.603322
007700 0.000 0.032994 0.361388 0.605618
007800 0.000 0.032076 0.362361 0.605563
007900 0.000 0.031429 0.360101 0.608470
008000 0.000 0.031392 0.362382 0.606226
008100 0.000 0.032243 0.358262 0.609494
008200 0.000 0.032578 0.356942 0.610480
008300 0.000 0.032036 0.356751 0.611213
008400 0.000 0.031058 0.357042 0.611900
008500 0.000 0.031847 0.354065 0.614088
008600 0.000 0.032698 0.354431 0.612871
008700 0.000 0.033233 0.357072 0.609694
008800 0.000 0.032840 0.356442 0.610717
008900 0.000 0.032922 0.358306 0.608773
009000 0.000 0.032316 0.363172 0.604512
009100 0.000 0.032258 0.362947 0.604795
009200 0.000 0.032972 0.362783 0.604245
009300 0.000 0.033535 0.363148 0.603317
009400 0.000 0.034327 0.362716 0.602957
009500 0.000 0.033894 0.361887 0.604219
009600 0.000 0.033919 0.361076 0.605005
009700 0.000 0.034459 0.360389 0.605152
009800 0.000 0.034769 0.361526 0.603705
009900 0.000 0.035747 0.360780 0.603473
010000 0.000 0.035420 0.359361 0.605219
010100 0.000 0.035554 0.360993 0.603453
010200 0.000 0.036042 0.362017 0.601940
010300 0.000 0.036518 0.365225 0.598257
010400 0.000 0.037502 0.364860 0.597638
010500 0.000 0.037072 0.370449 0.592480
010600 0.000 0.036631 0.368687 0.594682
010700 0.000 0.036863 0.369897 0.593240
010800 0.000 0.035879 0.372440 0.591681
010900 0.000 0.035461 0.372586 0.591953
011000 0.000 0.035530 0.372206 0.592265
011100 0.000 0.036287 0.371708 0.592005
011200 0.000 0.036038 0.369297 0.594665
011300 0.000 0.036378 0.369803 0.593819
011400 0.000 0.034838 0.368880 0.596282
011500 0.000 0.036021 0.371008 0.592972
011600 0.000 0.036495 0.369560 0.593944
011700 0.000 0.038130 0.366084 0.595786
011800 0.000 0.038554 0.365175 0.596271
011900 0.000 0.038435 0.366915 0.594649
012000 0.000 0.038296 0.369445 0.592259
012100 0.000 0.039374 0.370076 0.590551
012200 0.000 0.039292 0.368405 0.592303
012300 0.000 0.038925 0.367815 0.593260
012400 0.000 0.036881 0.366708 0.596411
012500 0.000 0.038598 0.366886 0.594516
012600 0.000 0.038758 0.367506 0.593736
012700 0.000 0.037817 0.366482 0.595701
012800 0.000 0.038582 0.367787 0.593631
012900 0.000 0.039658 0.364695 0.595647
013000 0.000 0.038641 0.366368 0.594991
013100 0.000 0.038543 0.365762 0.595695
013200 0.000 0.039331 0.367167 0.593502
013300 0.000 0.039650 0.367254 0.593096
013400 0.000 0.040242 0.362649 0.597109
013500 0.000 0.040817 0.363369 0.595813
013600 0.000 0.041243 0.363591 0.595166
013700 0.000 0.040876 0.364193 0.594931
013800 0.000 0.040415 0.363510 0.596074
013900 0.000 0.041703 0.362525 0.595772
014000 0.000 0.041530 0.362570 0.595900
014100 0.000 0.042460 0.364810 0.592730
014200 0.000 0.044334 0.363045 0.592621
014300 0.000 0.042670 0.365644 0.591686
014400 0.000 0.042075 0.365910 0.592015
014500 0.000 0.042474 0.367045 0.590481
014600 0.000 0.041851 0.366465 0.591683
014700 0.000 0.043186 0.365070 0.591744
014800 0.000 0.042515 0.366295 0.591190
014900 0.000 0.042426 0.369153 0.588421
015000 0.000 0.042124 0.367131 0.590746
015100 0.000 0.042709 0.364354 0.592937
015200 0.000 0.042510 0.362490 0.595000
015300 0.000 0.042017 0.360533 0.597449
015400 0.000 0.042141 0.360884 0.596975
015500 0.000 0.042983 0.357444 0.599574
015600 0.000 0.042223 0.357210 0.600567
015700 0.000 0.043905 0.358095 0.598000
015800 0.000 0.044076 0.360464 0.595460
015900 0.000 0.043353 0.360478 0.596169
016000 0.000 0.043019 0.363390 0.593591
016100 0.000 0.041543 0.364563 0.593894
016200 0.000 0.042231 0.366756 0.591013
016300 0.000 0.042835 0.366967 0.590198
016400 0.000 0.042838 0.368472 0.588690
016500 0.000 0.042338 0.369329 0.588333
016600 0.000 0.042783 0.372148 0.585069
016700 0.000 0.043980 0.369518 0.586502
016800 0.000 0.043917 0.371983 0.584099
016900 0.000 0.043852 0.374392 0.581756
017000 0.000 0.043829 0.373716 0.582455
017100 0.000 0.043434 0.371408 0.585158
017200 0.000 0.044494 0.371029 0.584476
017300 0.000 0.044098 0.368278 0.587624
017400 0.000 0.045636 0.367127 0.587237
017500 0.000 0.044836 0.367707 0.587457
017600 0.000 0.046056 0.367682 0.586262
017700 0.000 0.045166 0.365459 0.589375
017800 0.000 0.044990 0.365506 0.589504
017900 0.000 0.045453 0.365047 0.589501
018000 0.000 0.046272 0.366501 0.587227
018100 0.000 0.045975 0.369112 0.584913
018200 0.000 0.045826 0.369449 0.584725
018300 0.000 0.044727 0.370108 0.585165
018400 0.000 0.043931 0.374245 0.581824
018500 0.000 0.044987 0.373670 0.581343
018600 0.000 0.046041 0.375019 0.578940
018700 0.000 0.045355 0.377942 0.576703
018800 0.000 0.043441 0.377022 0.579537
018900 0.000 0.044151 0.376231 0.579618
019000 0.000 0.046019 0.375347 0.578634
019100 0.000 0.045940 0.375226 0.578834
019200 0.000 0.045795 0.377949 0.576256
019300 0.000 0.045585 0.379919 0.574497
019400 0.000 0.045192 0.376960 0.577849
019500 0.000 0.045153 0.376968 0.577879
019600 0.000 0.045690 0.374010 0.580300
019700 0.000 0.045978 0.372331 0.581690
019800 0.000 0.046923 0.370876 0.582201
019900 0.000 0.046851 0.371671 0.581478
020000 0.000 0.046185 0.375104 0.578711
020100 0.000 0.044926 0.377786 0.577287
020200 0.000 0.044047 0.381253 0.574701
020300 0.000 0.044676 0.385397 0.569928
020400 0.000 0.043898 0.385522 0.570581
020500 0.000 0.044380 0.388738 0.566882
020600 0.000 0.044884 0.390199 0.564917
020700 0.000 0.046626 0.386892 0.566482
020800 0.000 0.046097 0.380263 0.573641
020900 0.000 0.046240 0.382153 0.571608
021000 0.000 0.046581 0.381594 0.571826
021100 0.000 0.046053 0.384858 0.569089
021200 0.000 0.044776 0.385974 0.569250
021300 0.000 0.046093 0.383056 0.570851
021400 0.000 0.045382 0.382735 0.571883
021500 0.000 0.044458 0.385966 0.569576
021600 0.000 0.045386 0.387943 0.566671
021700 0.000 0.045649 0.385316 0.569035
021800 0.000 0.046148 0.384635 0.569217
021900 0.000 0.045492 0.383648 0.570860
022000 0.000 0.045632 0.384331 0.570037
022100 0.000 0.045645 0.383481 0.570874
022200 0.000 0.046587 0.383669 0.569743
022300 0.000 0.045585 0.382394 0.572020
022400 0.000 0.044758 0.382367 0.572875
022500 0.000 0.042773 0.383568 0.573659
022600 0.000 0.043712 0.381492 0.574797
022700 0.000 0.043166 0.385047 0.571788
022800 0.000 0.045294 0.384417 0.570289
022900 0.000 0.044459 0.381573 0.573968
023000 0.000 0.044507 0.381470 0.574023
023100 0.000 0.043877 0.382440 0.573683
023200 0.000 0.042349 0.382137 0.575515
023300 0.000 0.042842 0.384103 0.573055
023400 0.000 0.042436 0.385663 0.571901
023500 0.000 0.044151 0.383106 0.572743
023600 0.000 0.044167 0.383130 0.572703
023700 0.000 0.043546 0.384314 0.572140
023800 0.000 0.043092 0.384392 0.572517
023900 0.000 0.042813 0.386883 0.570304
024000 0.000 0.041837 0.388418 0.569745
024100 0.000 0.041095 0.389950 0.568955
024200 0.000 0.039988 0.390441 0.569571
024300 0.000 0.038768 0.389937 0.571294
024400 0.000 0.038042 0.390993 0.570965
024500 0.000 0.036792 0.392554 0.570654
024600 0.000 0.035198 0.391567 0.573235
024700 0.000 0.034894 0.391162 0.573944
024800 0.000 0.034549 0.391103 0.574347
024900 0.000 0.035495 0.389233 0.575272
025000 0.000 0.035415 0.388944 0.575641
025100 0.000 0.035215 0.388710 0.576075
025200 0.000 0.035172 0.389337 0.575491
025300 0.000 0.035172 0.389337 0.575491
025400 0.000 0.035172 0.389337 0.575491
025500 0.000 0.035172 0.389337 0.575491
025600 0.000 0.035172 0.389337 0.575491
025700 0.000 0.035172 0.389337 0.575491
025800 0.000 0.035172 0.389337 0.575491
025900 0.000 0.035172 0.389337 0.575491
026000 0.000 0.035172 0.389337 0.575491
026100 0.000 0.035172 0.389337 0.575491
026200 0.000 0.035172 0.389337 0.575491
026300 0.000 0.035172 0.389337 0.575491
026400 0.000 0.035172 0.389337 0.575491
026500 0.000 0.035172 0.389337 0.575491
026600 0.000 0.035172 0.389337 0.575491
026700 0.000 0.035172 0.389337 0.575491
026800 0.000 0.035172 0.389337 0.575491
026900 0.000 0.035172 0.389337 0.575491
027000 0.000 0.035172 0.389337 0.575491
027100 0.000 0.035172 0.389337 0.575491
027200 0.000 0.035172 0.389337 0.575491
027300 0.000 0.035172 0.389337 0.575491
027400 0.000 0.035172 0.389337 0.575491
027500 0.000 0.035172 0.389337 0.575491
027600 0.000 0.035172 0.389337 0.575491
027700 0.000 0.035172 0.389337 0.575491
027800 0.000 0.035172 0.389337 0.575491
027900 0.000 0.035172 0.389337 0.575491
028000 0.000 0.035172 0.389337 0.575491
028100 0.000 0.035172 0.389337 0.575491
028200 0.000 0.035172 0.389337 0.575491
028300 0.000 0.035172 0.389337 0.575491
028400 0.000 0.035172 0.389337 0.575491
028500 0.000 0.035172 0.389337 0.575491
028600 0.000 0.035172 0.389337 0.575491
028700 0.000 0.035172 0.389337 0.575491
028800 0.000 0.035172 0.389337 0.575491
028900 0.000 0.035172 0.389337 0.575491
029000 0.000 0.035172 0.389337 0.575491
029100 0.000 0.035172 0.389337 0.575491
029200 0.000 0.035172 0.389337 0.575491
029300 0.000 0.035172 0.389337 0.575491
029400 0.000 0.035172 0.389337 0.575491
029500 0.000 0.035172 0.389337 0.575491
029600 0.000 0.035172 0.389337 0.575491
029700 0.000 0.035172 0.389337 0.575491
029800 0.000 0.035172 0.389337 0.575491
029900 0.000 0.035172 0.389337 0.575491
030000 0.000 0.035172 0.389337 0.575491
030100 0.000 0.035172 0.389337 0.575491
030200 0.000 0.035172 0.389337 0.575491
030300 0.000 0.035172 0.389337 0.575491
030400 0.000 0.035172 0.389337 0.575491
030500 0.000 0.035172 0.389337 0.575491
030600 0.000 0.035172 0.389337 0.575491
030700 0.000 0.035172 0.389337 0.575491
030800 0.000 0.035172 0.389337 0.575491
030900 0.000 0.035172 0.389337 0.575491
031000 0.000 0.035172 0.389337 0.575491
031100 0.000 0.035172 0.389337 0.575491
031200 0.000 0.035172 0.389337 0.575491
031300 0.000 0.035172 0.389337 0.575491
031400 0.000 0.035172 0.389337 0.575491
031500 0.000 0.035172 0.389337 0.575491
031600 0.000 0.035172 0.389337 0.575491
031700 0.000 0.035172 0.389337 0.575491
031800 0.000 0.035172 0.389337 0.575491
031900 0.000 0.035172 0.389337 0.575491
032000 0.000 0.035172 0.389337 0.575491
032100 0.000 0.035172 0.389337 0.575491
032200 0.000 0.035172 0.389337 0.575491
032300 0.000 0.035172 0.389337 0.575491
032400 0.000 0.035172 0.389337 0.575491
032500 0.000 0.035172 0.389337 0.575491
032600 0.000 0.035172 0.389337 0.575491
032700 0.000 0.035172 0.389337 0.575491
032800 0.000 0.035172 0.389337 0.575491
032900 0.000 0.035172 0.389337 0.575491
033000 0.000 0.035172 0.389337 0.575491
033100 0.000 0.035172 0.389337 0.575491
033200 0.000 0.035172 0.389337 0.575491
033300 0.000 0.035172 0.389337 0.575491
033400 0.000 0.035172 0.389337 0.575491
033500 0.000 0.035172 0.389337 0.575491
033600 0.000 0.035172 0.389337 0.575491
033700 0.000 0.035172 0.389337 0.575491
033800 0.000 0.035172 0.389337 0.575491
033900 0.000 0.035172 0.389337 0.575491
034000 0.000 0.035172 0.389337 0.575491
034100 0.000 0.035172 0.389337 0.575491
034200 0.000 0.035172 0.389337 0.575491
034300 0.000 0.035172 0.389337 0.575491
034400 0.000 0.035172 0.389337 0.575491
034500 0.000 0.035172 0.389337 0.575491
034600 0.000 0.035172 0.389337 0.575491
034700 0.000 0.035172 0.389337 0.575491
034800 0.000 0.035172 0.389337 0.575491
034900 0.000 0.035172 0.389337 0.575491
035000 0.000 0.035172 0.389337 0.575491
035100 0.000 0.035172 0.389337 0.575491
035200 0.000 0.035172 0.389337 0.575491
035300 0.000 0.035172 0.389337 0.575491
035400 0.000 0.035172 0.389337 0.575491
035500 0.000 0.035172 0.389337 0.575491
035600 0.000 0.035172 0.389337 0.575491
035700 0.000 0.035172 0.389337 0.575491
035800 0.000 0.035172 0.389337 0.575491
035900 0.000 0.035172 0.389337 0.575491
036000 0.000 0.035172 0.389337 0.575491
036100 0.000 0.035172 0.389337 0.575491
036200 0.000 0.035172 0.389337 0.575491
036300 0.000 0.035172 0.389337 0.575491
036400 0.000 0.035172 0.389337 0.575491
036500 0.000 0.035172 0.389337 0.575491
036600 0.000 0.035172 0.389337 0.575491
036700 0.000 0.035172 0.389337 0.575491
036800 0.000 0.035172 0.389337 0.575491
036900 0.000 0.035172 0.389337 0.575491
037000 0.000 0.035172 0.389337 0.575491
037100 0.000 0.035172 0.389337 0.575491
037200 0.000 0.035172 0.389337 0.575491
037300 0.000 0.035172 0.389337 0.575491
037400 0.000 0.035172 0.389337 0.575491
037500 0.000 0.035172 0.389337 0.575491
037600 0.000 0.035172 0.389337 0.575491
037700 0.000 0.035172 0.389337 0.575491
037800 0.000 0.035172 0.389337 0.575491
037900 0.000 0.035172 0.389337 0.575491
038000 0.000 0.035172 0.389337 0.575491
038100 0.000 0.035172 0.389337 0.575491
038200 0.000 0.035172 0.389337 0.575491
038300 0.000 0.035172 0.389337 0.575491
038400 0.000 0.035172 0.389337 0.575491
038500 0.000 0.035172 0.389337 0.575491
038600 0.000 0.035172 0.389337 0.575491
038700 0.000 0.035172 0.389337 0.575491
038800 0.000 0.035172 0.389337 0.575491
038900 0.000 0.035172 0.389337 0.575491
039000 0.000 0.035172 0.389337 0.575491
039100 0.000 0.035172 0.389337 0.575491
039200 0.000 0.035172 0.389337 0.575491
039300 0.000 0.035172 0.389337 0.575491
039400 0.000 0.035172 0.389337 0.575491
039500 0.000 0.035172 0.389337 0.575491
039600 0.000 0.035172 0.389337 0.575491
039700 0.000 0.035172 0.389337 0.575491
039800 0.000 0.035172 0.389337 0.575491
039900 0.000 0.035172 0.389337 0.575491
040000 0.000 0.035172 0.389337 0.575491
040100 0.000 0.035172 0.389337 0.575491
040200 0.000 0.035172 0.389337 0.575491
040300 0.000 0.035172 0.389337 0.575491
040400 0.000 0.035172 0.389337 0.575491
040500 0.000 0.035172 0.389337 0.575491
040600 0.000 0.035172 0.389337 0.575491
040700 0.000 0.035172 0.389337 0.575491
040800 0.000 0.035172 0.389337 0.575491
040900 0.000 0.035172 0.389337 0.575491
041000 0.000 0.035172 0.389337 0.575491
041100 0.000 0.035172 0.389337 0.575491
041200 0.000 0.035172 0.389337 0.575491
041300 0.000 0.035172 0.389337 0.575491
041400 0.000 0.035172 0.389337 0.575491
041500 0.000 0.035172 0.389337 0.575491
041600 0.000 0.035172 0.389337 0.575491
041700 0.000 0.035172 0.389337 0.575491
041800 0.000 0.035172 0.389337 0.575491
041900 0.000 0.035172 0.389337 0.575491
042000 0.000 0.035172 0.389337 0.575491
042100 0.000 0.035172 0.389337 0.575491
042200 0.000 0.035172 0.389337 0.575491
042300 0.000 0.035172 0.389337 0.575491
042400 0.000 0.035172 0.389337 0.575491
042500 0.000 0.035172 0.389337 0.575491
042600 0.000 0.035172 0.389337 0.575491
042700 0.000 0.035172 0.389337 0.575491
042800 0.000 0.035172 0.389337 0.575491
042900 0.000 0.035172 0.389337 0.575491
043000 0.000 0.035172 0.389337 0.575491
043100 0.000 0.035172 0.389337 0.575491
043200 0.000 0.035172 0.389337 0.575491
043300 0.000 0.035172 0.389337 0.575491
043400 0.000 0.035172 0.389337 0.575491
043500 0.000 0.035172 0.389337 0.575491
043600 0.000 0.035172 0.389337 0.575491
043700 0.000 0.035172 0.389337 0.575491
043800 0.000 0.035172 0.389337 0.575491
043900 0.000 0.035172 0.389337 0.575491
044000 0.000 0.035172 0.389337 0.575491
044100 0.000 0.035172 0.389337 0.575491
044200 0.000 0.035172 0.389337 0.575491
044300 0.000 0.035172 0.389337 0.575491
044400 0.000 0.035172 0.389337 0.575491
044500 0.000 0.035172 0.389337 0.575491
044600 0.000 0.035172 0.389337 0.575491
044700 0.000 0.035172 0.389337 0.575491
044800 0.000 0.035172 0.389337 0.575491
044900 0.000 0.035172 0.389337 0.575491
045000 0.000 0.035172 0.389337 0.575491
045100 0.000 0.035172 0.389337 0.575491
045200 0.000 0.035172 0.389337 0.575491
045300 0.000 0.035172 0.389337 0.575491
045400 0.000 0.035172 0.389337 0.575491
045500 0.000 0.035172 0.389337 0.575491
045600 0.000 0.035172 0.389337 0.575491
045700 0.000 0.035172 0.389337 0.575491
045800 0.000 0.035172 0.389337 0.575491
045900 0.000 0.035172 0.389337 0.575491
046000 0.000 0.035172 0.389337 0.575491
046100 0.000 0.035172 0.389337 0.575491
046200 0.000 0.035172 0.389337 0.575491
046300 0.000 0.035172 0.389337 0.575491
046400 0.000 0.035172 0.389337 0.575491
046500 0.000 0.035172 0.389337 0.575491
046600 0.000 0.035172 0.389337 0.575491
046700 0.000 0.035172 0.389337 0.575491
046800 0.000 0.035172 0.389337 0.575491
046900 0.000 0.035172 0.389337 0.575491
047000 0.000 0.035172 0.389337 0.575491
047100 0.000 0.035172 0.389337 0.575491
047200 0.000 0.035172 0.389337 0.575491
047300 0.000 0.035172 0.389337 0.575491
047400 0.000 0.035172 0.389337 0.575491
047500 0.000 0.035172 0.389337 0.575491
047600 0.000 0.035172 0.389337 0.575491
047700 0.000 0.035172 0.389337 0.575491
047800 0.000 0.035172 0.389337 0.575491
047900 0.000 0.035172 0.389337 0.575491
048000 0.000 0.035172 0.389337 0.575491
048100 0.000 0.035172 0.389337 0.575491
048200 0.000 0.035172 0.389337 0.575491
048300 0.000 0.035172 0.389337 0.575491
048400 0.000 0.035172 0.389337 0.575491
048500 0.000 0.035172 0.389337 0.575491
048600 0.000 0.035172 0.389337 0.575491
048700 0.000 0.035172 0.389337 0.575491
048800 0.000 0.035172 0.389337 0.575491
048900 0.000 0.035172 0.389337 0.575491
049000 0.000 0.035172 0.389337 0.575491
049100 0.000 0.035172 0.389337 0.575491
049200 0.000 0.035172 0.389337 0.575491
049300 0.000 0.035172 0.389337 0.575491
049400 0.000 0.035172 0.389337 0.575491
049500 0.000 0.035172 0.389337 0.575491
049600 0.000 0.035172 0.389337 0.575491
049700 0.000 0.035172 0.389337 0.575491
049800 0.000 0.035172 0.389337 0.575491
049900 0.000 0.035172 0.389337 0.575491
050000 0.000 0.035172 0.389337 0.575491
