000000 0.247 0.217500 0.260000 0.275000
000100 0.380 0.071388 0.272439 0.275726
000200 0.416 0.028478 0.286426 0.269231
000300 0.417 0.020619 0.301576 0.260619
000400 0.416 0.015087 0.318997 0.249949
000500 0.413 0.010739 0.336736 0.239677
000600 0.408 0.007597 0.354328 0.230537
000700 0.399 0.005948 0.370899 0.223668
000800 0.387 0.005624 0.391054 0.216626
000900 0.374 0.005436 0.410284 0.210605
001000 0.359 0.004906 0.429033 0.206756
001100 0.343 0.004795 0.448051 0.203733
001200 0.326 0.004435 0.469849 0.199293
001300 0.309 0.004373 0.489735 0.196749
001400 0.291 0.004599 0.506976 0.197024
001500 0.274 0.004222 0.525642 0.196074
001600 0.257 0.003944 0.541665 0.197347
001700 0.240 0.003474 0.558410 0.198063
001800 0.223 0.002792 0.572648 0.201642
001900 0.206 0.002411 0.594510 0.197142
002000 0.189 0.002452 0.609406 0.199272
002100 0.172 0.002501 0.624717 0.200725
002200 0.156 0.002456 0.639785 0.201873
002300 0.140 0.002058 0.654949 0.202616
002400 0.126 0.001349 0.669033 0.203415
002500 0.112 0.001142 0.682378 0.204480
002600 0.099 0.001158 0.695425 0.204563
002700 0.087 0.001192 0.705834 0.206169
002800 0.075 0.000866 0.716105 0.207838
002900 0.065 0.000801 0.726535 0.207780
003000 0.055 0.000825 0.736446 0.207519
003100 0.046 0.000684 0.741849 0.211407
003200 0.039 0.000707 0.750906 0.209833
003300 0.032 0.000544 0.752358 0.214610
003400 0.028 0.000559 0.754748 0.216806
003500 0.024 0.000695 0.758617 0.217105
003600 0.020 0.000773 0.759897 0.219203
003700 0.017 0.000644 0.764146 0.218530
003800 0.014 0.000560 0.766999 0.218705
003900 0.011 0.000477 0.769918 0.218603
004000 0.009 0.000624 0.770663 0.219886
004100 0.007 0.000626 0.771735 0.220528
004200 0.006 0.000737 0.774220 0.219403
004300 0.004 0.000665 0.775156 0.219849
004400 0.003 0.000867 0.776096 0.219932
004500 0.002 0.000722 0.778201 0.218992
004600 0.001 0.000898 0.778702 0.218953
004700 0.001 0.001056 0.777060 0.220784
004800 0.001 0.001252 0.778167 0.219874
004900 0.000 0.001171 0.780590 0.217828
005000 0.000 0.001242 0.778265 0.220303
005100 0.000 0.001320 0.776016 0.222664
005200 0.000 0.001315 0.775028 0.223657
005300 0.000 0.001327 0.778701 0.219972
005400 0.000 0.001349 0.779141 0.219510
005500 0.000 0.001526 0.780276 0.218198
005600 0.000 0.001486 0.781228 0.217286
005700 0.000 0.001287 0.781945 0.216768
005800 0.000 0.001348 0.782485 0.216167
005900 0.000 0.001345 0.783172 0.215483
006000 0.000 0.001444 0.785791 0.212765
006100 0.000 0.001495 0.788024 0.210481
006200 0.000 0.001678 0.787947 0.210374
006300 0.000 0.001751 0.786478 0.211771
006400 0.000 0.001683 0.785703 0.212614
006500 0.000 0.002079 0.786874 0.211047
006600 0.000 0.002250 0.789510 0.208240
006700 0.000 0.002303 0.788093 0.209603
006800 0.000 0.002287 0.787819 0.209894
006900 0.000 0.002032 0.786986 0.210982
007000 0.000 0.002183 0.785807 0.212010
007100 0.000 0.002237 0.785831 0.211933
007200 0.000 0.002496 0.784544 0.212960
007300 0.000 0.002799 0.784092 0.213110
007400 0.000 0.002721 0.786681 0.210599
007500 0.000 0.002584 0.785842 0.211574
007600 0.000 0.002748 0.784150 0.213102
007700 0.000 0.002674 0.784103 0.213222
007800 0.000 0.002662 0.782228 0.215110
007900 0.000 0.002812 0.783049 0.214138
008000 0.000 0.002638 0.782110 0.215252
008100 0.000 0.002535 0.783340 0.214125
008200 0.000 0.002624 0.783395 0.213981
008300 0.000 0.002567 0.781989 0.215444
008400 0.000 0.002363 0.783553 0.214084
008500 0.000 0.002265 0.780969 0.216766
008600 0.000 0.002307 0.778812 0.218881
008700 0.000 0.002526 0.774381 0.223093
008800 0.000 0.002522 0.776052 0.221426
008900 0.000 0.003055 0.776748 0.220197
009000 0.000 0.003149 0.775101 0.221749
009100 0.000 0.002960 0.772492 0.224549
009200 0.000 0.002642 0.771176 0.226183
009300 0.000 0.002853 0.773247 0.223900
009400 0.000 0.003106 0.774746 0.222148
009500 0.000 0.003075 0.776258 0.220667
009600 0.000 0.002835 0.775338 0.221828
009700 0.000 0.002739 0.775279 0.221982
009800 0.000 0.002730 0.776068 0.221202
009900 0.000 0.002830 0.773242 0.223928
010000 0.000 0.002724 0.771102 0.226174
010100 0.000 0.002696 0.772153 0.225151
010200 0.000 0.002835 0.770982 0.226183
010300 0.000 0.002698 0.771137 0.226165
010400 0.000 0.002635 0.771828 0.225537
010500 0.000 0.002838 0.770840 0.226322
010600 0.000 0.002991 0.773550 0.223459
010700 0.000 0.003197 0.772028 0.224775
010800 0.000 0.003130 0.773104 0.223766
010900 0.000 0.003347 0.775558 0.221095
011000 0.000 0.003506 0.775103 0.221390
011100 0.000 0.003581 0.774499 0.221921
011200 0.000 0.003326 0.774038 0.222635
011300 0.000 0.003342 0.773178 0.223480
011400 0.000 0.003401 0.772849 0.223749
011500 0.000 0.003570 0.771130 0.225300
011600 0.000 0.003288 0.770807 0.225905
011700 0.000 0.003412 0.771483 0.225105
011800 0.000 0.003398 0.772939 0.223663
011900 0.000 0.003475 0.773476 0.223049
012000 0.000 0.003482 0.776956 0.219562
012100 0.000 0.003273 0.777850 0.218877
012200 0.000 0.003174 0.775915 0.220912
012300 0.000 0.002520 0.778605 0.218875
012400 0.000 0.002121 0.782001 0.215878
012500 0.000 0.002293 0.779819 0.217888
012600 0.000 0.002301 0.780582 0.217117
012700 0.000 0.002513 0.780001 0.217485
012800 0.000 0.002403 0.781457 0.216140
012900 0.000 0.002180 0.784427 0.213393
013000 0.000 0.002281 0.784698 0.213021
013100 0.000 0.001971 0.783085 0.214944
013200 0.000 0.002024 0.782624 0.215353
013300 0.000 0.002013 0.787520 0.210467
013400 0.000 0.001876 0.785433 0.212690
013500 0.000 0.001722 0.784381 0.213898
013600 0.000 0.002002 0.784274 0.213724
013700 0.000 0.001635 0.785540 0.212824
013800 0.000 0.001790 0.783442 0.214768
013900 0.000 0.001615 0.785105 0.213281
014000 0.000 0.001791 0.782397 0.215812
014100 0.000 0.001898 0.783203 0.214899
014200 0.000 0.001704 0.782083 0.216213
014300 0.000 0.001569 0.783055 0.215376
014400 0.000 0.001498 0.784466 0.214036
014500 0.000 0.001582 0.788088 0.210331
014600 0.000 0.001885 0.790338 0.207778
014700 0.000 0.001835 0.789097 0.209068
014800 0.000 0.001968 0.789312 0.208719
014900 0.000 0.002092 0.789549 0.208360
015000 0.000 0.002046 0.789110 0.208844
015100 0.000 0.002092 0.789028 0.208879
015200 0.000 0.002262 0.788190 0.209548
015300 0.000 0.002065 0.787749 0.210185
015400 0.000 0.002010 0.786998 0.210992
015500 0.000 0.001908 0.788772 0.209321
015600 0.000 0.001766 0.787704 0.210530
015700 0.000 0.001669 0.788885 0.209447
015800 0.000 0.001587 0.784715 0.213697
015900 0.000 0.001573 0.785331 0.213096
016000 0.000 0.001424 0.785303 0.213274
016100 0.000 0.001739 0.787068 0.211193
016200 0.000 0.001678 0.785335 0.212987
016300 0.000 0.001732 0.783955 0.214313
016400 0.000 0.001965 0.784190 0.213845
016500 0.000 0.001819 0.785176 0.213005
016600 0.000 0.001858 0.784029 0.214113
016700 0.000 0.001887 0.784148 0.213965
016800 0.000 0.002013 0.787135 0.210852
016900 0.000 0.002311 0.788067 0.209622
017000 0.000 0.002003 0.790233 0.207764
017100 0.000 0.002062 0.792674 0.205265
017200 0.000 0.002233 0.788297 0.209471
017300 0.000 0.002224 0.790036 0.207740
017400 0.000 0.001941 0.789563 0.208496
017500 0.000 0.002102 0.794147 0.203751
017600 0.000 0.002199 0.795484 0.202317
017700 0.000 0.002433 0.793889 0.203678
017800 0.000 0.002327 0.795514 0.202159
017900 0.000 0.002157 0.797838 0.200005
018000 0.000 0.002314 0.797544 0.200142
018100 0.000 0.002217 0.798059 0.199724
018200 0.000 0.002274 0.799652 0.198074
018300 0.000 0.002309 0.800340 0.197351
018400 0.000 0.002138 0.801274 0.196588
018500 0.000 0.002299 0.806568 0.191133
018600 0.000 0.002041 0.807937 0.190022
018700 0.000 0.002036 0.805357 0.192607
018800 0.000 0.002026 0.803738 0.194235
018900 0.000 0.001850 0.805692 0.192458
019000 0.000 0.001931 0.805521 0.192548
019100 0.000 0.001920 0.805953 0.192127
019200 0.000 0.002245 0.807108 0.190647
019300 0.000 0.002176 0.805534 0.192290
019400 0.000 0.002551 0.805845 0.191604
019500 0.000 0.002502 0.803713 0.193785
019600 0.000 0.002381 0.801464 0.196155
019700 0.000 0.002194 0.802899 0.194907
019800 0.000 0.002647 0.802607 0.194747
019900 0.000 0.003031 0.803585 0.193383
020000 0.000 0.003199 0.805635 0.191167
020100 0.000 0.003303 0.802110 0.194586
020200 0.000 0.003551 0.800150 0.196299
020300 0.000 0.003501 0.798426 0.198073
020400 0.000 0.003887 0.794869 0.201244
020500 0.000 0.003662 0.794556 0.201783
020600 0.000 0.003988 0.793963 0.202049
020700 0.000 0.003931 0.795143 0.200926
020800 0.000 0.003869 0.795492 0.200638
020900 0.000 0.003788 0.794448 0.201764
021000 0.000 0.004074 0.797524 0.198401
021100 0.000 0.004171 0.796523 0.199306
021200 0.000 0.004192 0.793570 0.202238
021300 0.000 0.003891 0.790314 0.205795
021400 0.000 0.003857 0.789781 0.206363
021500 0.000 0.003791 0.788439 0.207770
021600 0.000 0.003991 0.789367 0.206642
021700 0.000 0.003799 0.790332 0.205869
021800 0.000 0.003810 0.790692 0.205497
021900 0.000 0.003974 0.791512 0.204513
022000 0.000 0.003727 0.790549 0.205724
022100 0.000 0.003616 0.791810 0.204574
022200 0.000 0.003623 0.788278 0.208099
022300 0.000 0.003571 0.789272 0.207158
022400 0.000 0.003289 0.791481 0.205231
022500 0.000 0.003381 0.790115 0.206505
022600 0.000 0.003650 0.791197 0.205153
022700 0.000 0.003970 0.788681 0.207349
022800 0.000 0.003970 0.786472 0.209558
022900 0.000 0.004356 0.787583 0.208061
023000 0.000 0.004053 0.788028 0.207919
023100 0.000 0.003825 0.788619 0.207556
023200 0.000 0.003814 0.790390 0.205797
023300 0.000 0.003727 0.792167 0.204106
023400 0.000 0.003740 0.794379 0.201881
023500 0.000 0.003411 0.796433 0.200156
023600 0.000 0.003284 0.795385 0.201331
023700 0.000 0.003160 0.797073 0.199767
023800 0.000 0.003288 0.795217 0.201494
023900 0.000 0.003481 0.792610 0.203909
024000 0.000 0.004022 0.792052 0.203926
024100 0.000 0.004117 0.789527 0.206356
024200 0.000 0.004526 0.790915 0.204559
024300 0.000 0.004556 0.789790 0.205654
024400 0.000 0.004647 0.789850 0.205503
024500 0.000 0.005024 0.789558 0.205418
024600 0.000 0.005565 0.787219 0.207216
024700 0.000 0.005613 0.788180 0.206208
024800 0.000 0.006035 0.788401 0.205564
024900 0.000 0.005404 0.788424 0.206172
025000 0.000 0.005345 0.787060 0.207595
025100 0.000 0.005475 0.786996 0.207529
025200 0.000 0.005475 0.786996 0.207529
025300 0.000 0.005475 0.786996 0.207529
025400 0.000 0.005475 0.786996 0.207529
025500 0.000 0.005475 0.786996 0.207529
025600 0.000 0.005475 0.786996 0.207529
025700 0.000 0.005475 0.786996 0.207529
025800 0.000 0.005475 0.786996 0.207529
025900 0.000 0.005475 0.786996 0.207529
026000 0.000 0.005475 0.786996 0.207529
026100 0.000 0.005475 0.786996 0.207529
026200 0.000 0.005475 0.786996 0.207529
026300 0.000 0.005475 0.786996 0.207529
026400 0.000 0.005475 0.786996 0.207529
026500 0.000 0.005475 0.786996 0.207529
026600 0.000 0.005475 0.786996 0.207529
026700 0.000 0.005475 0.786996 0.207529
026800 0.000 0.005475 0.786996 0.207529
026900 0.000 0.005475 0.786996 0.207529
027000 0.000 0.005475 0.786996 0.207529
027100 0.000 0.005475 0.786996 0.207529
027200 0.000 0.005475 0.786996 0.207529
027300 0.000 0.005475 0.786996 0.207529
027400 0.000 0.005475 0.786996 0.207529
027500 0.000 0.005475 0.786996 0.207529
027600 0.000 0.005475 0.786996 0.207529
027700 0.000 0.005475 0.786996 0.207529
027800 0.000 0.005475 0.786996 0.207529
027900 0.000 0.005475 0.786996 0.207529
028000 0.000 0.005475 0.786996 0.207529
028100 0.000 0.005475 0.786996 0.207529
028200 0.000 0.005475 0.786996 0.207529
028300 0.000 0.005475 0.786996 0.207529
028400 0.000 0.005475 0.786996 0.207529
028500 0.000 0.005475 0.786996 0.207529
028600 0.000 0.005475 0.786996 0.207529
028700 0.000 0.005475 0.786996 0.207529
028800 0.000 0.005475 0.786996 0.207529
028900 0.000 0.005475 0.786996 0.207529
029000 0.000 0.005475 0.786996 0.207529
029100 0.000 0.005475 0.786996 0.207529
029200 0.000 0.005475 0.786996 0.207529
029300 0.000 0.005475 0.786996 0.207529
029400 0.000 0.005475 0.786996 0.207529
029500 0.000 0.005475 0.786996 0.207529
029600 0.000 0.005475 0.786996 0.207529
029700 0.000 0.005475 0.786996 0.207529
029800 0.000 0.005475 0.786996 0.207529
029900 0.000 0.005475 0.786996 0.207529
030000 0.000 0.005475 0.786996 0.207529
030100 0.000 0.005475 0.786996 0.207529
030200 0.000 0.005475 0.786996 0.207529
030300 0.000 0.005475 0.786996 0.207529
030400 0.000 0.005475 0.786996 0.207529
030500 0.000 0.005475 0.786996 0.207529
030600 0.000 0.005475 0.786996 0.207529
030700 0.000 0.005475 0.786996 0.207529
030800 0.000 0.005475 0.786996 0.207529
030900 0.000 0.005475 0.786996 0.207529
031000 0.000 0.005475 0.786996 0.207529
031100 0.000 0.005475 0.786996 0.207529
031200 0.000 0.005475 0.786996 0.207529
031300 0.000 0.005475 0.786996 0.207529
031400 0.000 0.005475 0.786996 0.207529
031500 0.000 0.005475 0.786996 0.207529
031600 0.000 0.005475 0.786996 0.207529
031700 0.000 0.005475 0.786996 0.207529
031800 0.000 0.005475 0.786996 0.207529
031900 0.000 0.005475 0.786996 0.207529
032000 0.000 0.005475 0.786996 0.207529
032100 0.000 0.005475 0.786996 0.207529
032200 0.000 0.005475 0.786996 0.207529
032300 0.000 0.005475 0.786996 0.207529
032400 0.000 0.005475 0.786996 0.207529
032500 0.000 0.005475 0.786996 0.207529
032600 0.000 0.005475 0.786996 0.207529
032700 0.000 0.005475 0.786996 0.207529
032800 0.000 0.005475 0.786996 0.207529
032900 0.000 0.005475 0.786996 0.207529
033000 0.000 0.005475 0.786996 0.207529
033100 0.000 0.005475 0.786996 0.207529
033200 0.000 0.005475 0.786996 0.207529
033300 0.000 0.005475 0.786996 0.207529
033400 0.000 0.005475 0.786996 0.207529
033500 0.000 0.005475 0.786996 0.207529
033600 0.000 0.005475 0.786996 0.207529
033700 0.000 0.005475 0.786996 0.207529
033800 0.000 0.005475 0.786996 0.207529
033900 0.000 0.005475 0.786996 0.207529
034000 0.000 0.005475 0.786996 0.207529
034100 0.000 0.005475 0.786996 0.207529
034200 0.000 0.005475 0.786996 0.207529
034300 0.000 0.005475 0.786996 0.207529
034400 0.000 0.005475 0.786996 0.207529
034500 0.000 0.005475 0.786996 0.207529
034600 0.000 0.005475 0.786996 0.207529
034700 0.000 0.005475 0.786996 0.207529
034800 0.000 0.005475 0.786996 0.207529
034900 0.000 0.005475 0.786996 0.207529
035000 0.000 0.005475 0.786996 0.207529
035100 0.000 0.005475 0.786996 0.207529
035200 0.000 0.005475 0.786996 0.207529
035300 0.000 0.005475 0.786996 0.207529
035400 0.000 0.005475 0.786996 0.207529
035500 0.000 0.005475 0.786996 0.207529
035600 0.000 0.005475 0.786996 0.207529
035700 0.000 0.005475 0.786996 0.207529
035800 0.000 0.005475 0.786996 0.207529
035900 0.000 0.005475 0.786996 0.207529
036000 0.000 0.005475 0.786996 0.207529
036100 0.000 0.005475 0.786996 0.207529
036200 0.000 0.005475 0.786996 0.207529
036300 0.000 0.005475 0.786996 0.207529
036400 0.000 0.005475 0.786996 0.207529
036500 0.000 0.005475 0.786996 0.207529
036600 0.000 0.005475 0.786996 0.207529
036700 0.000 0.005475 0.786996 0.207529
036800 0.000 0.005475 0.786996 0.207529
036900 0.000 0.005475 0.786996 0.207529
037000 0.000 0.005475 0.786996 0.207529
037100 0.000 0.005475 0.786996 0.207529
037200 0.000 0.005475 0.786996 0.207529
037300 0.000 0.005475 0.786996 0.207529
037400 0.000 0.005475 0.786996 0.207529
037500 0.000 0.005475 0.786996 0.207529
037600 0.000 0.005475 0.786996 0.207529
037700 0.000 0.005475 0.786996 0.207529
037800 0.000 0.005475 0.786996 0.207529
037900 0.000 0.005475 0.786996 0.207529
038000 0.000 0.005475 0.786996 0.207529
038100 0.000 0.005475 0.786996 0.207529
038200 0.000 0.005475 0.786996 0.207529
038300 0.000 0.005475 0.786996 0.207529
038400 0.000 0.005475 0.786996 0.207529
038500 0.000 0.005475 0.786996 0.207529
038600 0.000 0.005475 0.786996 0.207529
038700 0.000 0.005475 0.786996 0.207529
038800 0.000 0.005475 0.786996 0.207529
038900 0.000 0.005475 0.786996 0.207529
039000 0.000 0.005475 0.786996 0.207529
039100 0.000 0.005475 0.786996 0.207529
039200 0.000 0.005475 0.786996 0.207529
039300 0.000 0.005475 0.786996 0.207529
039400 0.000 0.005475 0.786996 0.207529
039500 0.000 0.005475 0.786996 0.207529
039600 0.000 0.005475 0.786996 0.207529
039700 0.000 0.005475 0.786996 0.207529
039800 0.000 0.005475 0.786996 0.207529
039900 0.000 0.005475 0.786996 0.207529
040000 0.000 0.005475 0.786996 0.207529
040100 0.000 0.005475 0.786996 0.207529
040200 0.000 0.005475 0.786996 0.207529
040300 0.000 0.005475 0.786996 0.207529
040400 0.000 0.005475 0.786996 0.207529
040500 0.000 0.005475 0.786996 0.207529
040600 0.000 0.005475 0.786996 0.207529
040700 0.000 0.005475 0.786996 0.207529
040800 0.000 0.005475 0.786996 0.207529
040900 0.000 0.005475 0.786996 0.207529
041000 0.000 0.005475 0.786996 0.207529
041100 0.000 0.005475 0.786996 0.207529
041200 0.000 0.005475 0.786996 0.207529
041300 0.000 0.005475 0.786996 0.207529
041400 0.000 0.005475 0.786996 0.207529
041500 0.000 0.005475 0.786996 0.207529
041600 0.000 0.005475 0.786996 0.207529
041700 0.000 0.005475 0.786996 0.207529
041800 0.000 0.005475 0.786996 0.207529
041900 0.000 0.005475 0.786996 0.207529
042000 0.000 0.005475 0.786996 0.207529
042100 0.000 0.005475 0.786996 0.207529
042200 0.000 0.005475 0.786996 0.207529
042300 0.000 0.005475 0.786996 0.207529
042400 0.000 0.005475 0.786996 0.207529
042500 0.000 0.005475 0.786996 0.207529
042600 0.000 0.005475 0.786996 0.207529
042700 0.000 0.005475 0.786996 0.207529
042800 0.000 0.005475 0.786996 0.207529
042900 0.000 0.005475 0.786996 0.207529
043000 0.000 0.005475 0.786996 0.207529
043100 0.000 0.005475 0.786996 0.207529
043200 0.000 0.005475 0.786996 0.207529
043300 0.000 0.005475 0.786996 0.207529
043400 0.000 0.005475 0.786996 0.207529
043500 0.000 0.005475 0.786996 0.207529
043600 0.000 0.005475 0.786996 0.207529
043700 0.000 0.005475 0.786996 0.207529
043800 0.000 0.005475 0.786996 0.207529
043900 0.000 0.005475 0.786996 0.207529
044000 0.000 0.005475 0.786996 0.207529
044100 0.000 0.005475 0.786996 0.207529
044200 0.000 0.005475 0.786996 0.207529
044300 0.000 0.005475 0.786996 0.207529
044400 0.000 0.005475 0.786996 0.207529
044500 0.000 0.005475 0.786996 0.207529
044600 0.000 0.005475 0.786996 0.207529
044700 0.000 0.005475 0.786996 0.207529
044800 0.000 0.005475 0.786996 0.207529
044900 0.000 0.005475 0.786996 0.207529
045000 0.000 0.005475 0.786996 0.207529
045100 0.000 0.005475 0.786996 0.207529
045200 0.000 0.005475 0.786996 0.207529
045300 0.000 0.005475 0.786996 0.207529
045400 0.000 0.005475 0.786996 0.207529
045500 0.000 0.005475 0.786996 0.207529
045600 0.000 0.005475 0.786996 0.207529
045700 0.000 0.005475 0.786996 0.207529
045800 0.000 0.005475 0.786996 0.207529
045900 0.000 0.005475 0.786996 0.207529
046000 0.000 0.005475 0.786996 0.207529
046100 0.000 0.005475 0.786996 0.207529
046200 0.000 0.005475 0.786996 0.207529
046300 0.000 0.005475 0.786996 0.207529
046400 0.000 0.005475 0.786996 0.207529
046500 0.000 0.005475 0.786996 0.207529
046600 0.000 0.005475 0.786996 0.207529
046700 0.000 0.005475 0.786996 0.207529
046800 0.000 0.005475 0.786996 0.207529
046900 0.000 0.005475 0.786996 0.207529
047000 0.000 0.005475 0.786996 0.207529
047100 0.000 0.005475 0.786996 0.207529
047200 0.000 0.005475 0.786996 0.207529
047300 0.000 0.005475 0.786996 0.207529
047400 0.000 0.005475 0.786996 0.207529
047500 0.000 0.005475 0.786996 0.207529
047600 0.000 0.005475 0.786996 0.207529
047700 0.000 0.005475 0.786996 0.207529
047800 0.000 0.005475 0.786996 0.207529
047900 0.000 0.005475 0.786996 0.207529
048000 0.000 0.005475 0.786996 0.207529
048100 0.000 0.005475 0.786996 0.207529
048200 0.000 0.005475 0.786996 0.207529
048300 0.000 0.005475 0.786996 0.207529
048400 0.000 0.005475 0.786996 0.207529
048500 0.000 0.005475 0.786996 0.207529
048600 0.000 0.005475 0.786996 0.207529
048700 0.000 0.005475 0.786996 0.207529
048800 0.000 0.005475 0.786996 0.207529
048900 0.000 0.005475 0.786996 0.207529
049000 0.000 0.005475 0.786996 0.207529
049100 0.000 0.005475 0.786996 0.207529
049200 0.000 0.005475 0.786996 0.207529
049300 0.000 0.005475 0.786996 0.207529
049400 0.000 0.005475 0.786996 0.207529
049500 0.000 0.005475 0.786996 0.207529
049600 0.000 0.005475 0.786996 0.207529
049700 0.000 0.005475 0.786996 0.207529
049800 0.000 0.005475 0.786996 0.207529
049900 0.000 0.005475 0.786996 0.207529
050000 0.000 0.005475 0.786996 0.207529
