000000 0.265 0.257500 0.245000 0.232500
000100 0.428 0.091275 0.250713 0.230247
000200 0.491 0.036061 0.254981 0.217543
000300 0.517 0.020097 0.258795 0.203924
000400 0.537 0.010935 0.266114 0.185722
000500 0.549 0.008767 0.274340 0.168299
000600 0.559 0.007102 0.280818 0.153100
000700 0.564 0.007080 0.287924 0.140606
000800 0.567 0.006492 0.298297 0.128244
000900 0.569 0.006251 0.305980 0.119007
001000 0.568 0.006545 0.315067 0.110483
001100 0.567 0.006242 0.323785 0.103016
001200 0.565 0.004378 0.334644 0.096153
001300 0.560 0.003584 0.344085 0.092152
001400 0.556 0.003530 0.353683 0.087038
001500 0.550 0.003170 0.361862 0.084749
001600 0.545 0.003439 0.371336 0.080450
001700 0.538 0.003233 0.381704 0.077275
001800 0.531 0.003376 0.389927 0.075699
001900 0.523 0.003283 0.400609 0.072960
002000 0.514 0.003653 0.411585 0.070670
002100 0.506 0.003847 0.419647 0.070556
002200 0.497 0.003851 0.430273 0.068976
002300 0.488 0.004041 0.439186 0.068403
002400 0.480 0.003808 0.447819 0.068388
002500 0.472 0.003544 0.455687 0.068846
002600 0.463 0.003192 0.464641 0.068837
002700 0.456 0.002542 0.472698 0.068422
002800 0.448 0.002552 0.482910 0.066683
002900 0.439 0.002409 0.493132 0.065248
003000 0.430 0.002111 0.503298 0.064222
003100 0.422 0.002092 0.512766 0.062957
003200 0.413 0.002007 0.521071 0.063503
003300 0.404 0.001880 0.530438 0.063485
003400 0.395 0.001480 0.541037 0.062622
003500 0.386 0.001375 0.551205 0.061753
003600 0.376 0.001229 0.561676 0.060924
003700 0.367 0.001472 0.569748 0.061543
003800 0.358 0.001372 0.577509 0.063321
003900 0.349 0.001636 0.586593 0.063197
004000 0.339 0.001420 0.597756 0.061684
004100 0.330 0.001501 0.607801 0.060867
004200 0.320 0.001593 0.617812 0.060720
004300 0.311 0.001531 0.626974 0.060963
004400 0.301 0.001866 0.635719 0.061409
004500 0.292 0.001944 0.643394 0.062681
004600 0.283 0.002015 0.652024 0.063308
004700 0.274 0.001582 0.659352 0.065112
004800 0.265 0.001584 0.667273 0.065956
004900 0.257 0.001531 0.674005 0.067462
005000 0.248 0.001455 0.682074 0.068001
005100 0.240 0.001375 0.691260 0.067828
005200 0.231 0.001162 0.699176 0.068519
005300 0.224 0.001098 0.707658 0.067084
005400 0.216 0.000977 0.717353 0.066118
005500 0.207 0.000881 0.725797 0.066008
005600 0.200 0.000652 0.731163 0.068575
005700 0.192 0.000619 0.738706 0.068828
005800 0.185 0.000609 0.746026 0.068449
005900 0.178 0.000629 0.753069 0.068555
006000 0.170 0.000642 0.760526 0.068499
006100 0.163 0.000477 0.769330 0.067006
006200 0.157 0.000463 0.777465 0.065426
006300 0.149 0.000471 0.784560 0.065642
006400 0.142 0.000514 0.791074 0.065936
006500 0.135 0.000267 0.799542 0.064699
006600 0.129 0.000226 0.805083 0.065403
006700 0.122 0.000195 0.813924 0.063464
006800 0.116 0.000213 0.819602 0.063890
006900 0.110 0.000299 0.826324 0.063294
007000 0.104 0.000377 0.830436 0.065369
007100 0.098 0.000200 0.837251 0.064877
007200 0.092 0.000192 0.844696 0.063543
007300 0.086 0.000285 0.852369 0.061728
007400 0.080 0.000357 0.858744 0.061133
007500 0.074 0.000362 0.864042 0.061201
007600 0.069 0.000501 0.868858 0.061758
007700 0.064 0.000426 0.875226 0.060705
007800 0.059 0.000511 0.878703 0.061733
007900 0.054 0.000570 0.884443 0.060917
008000 0.049 0.000498 0.887486 0.062760
008100 0.045 0.000493 0.890338 0.064440
008200 0.040 0.000350 0.895340 0.063944
008300 0.036 0.000398 0.900068 0.063385
008400 0.032 0.000194 0.903801 0.063885
008500 0.028 0.000116 0.906185 0.065912
008600 0.024 0.000259 0.910310 0.064988
008700 0.022 0.000220 0.912606 0.065392
008800 0.019 0.000232 0.917590 0.063483
008900 0.016 0.000234 0.922125 0.061596
009000 0.014 0.000150 0.925379 0.060711
009100 0.011 0.000117 0.927454 0.060949
009200 0.010 0.000037 0.929801 0.060612
009300 0.008 0.000024 0.932921 0.059478
009400 0.006 0.000010 0.936219 0.057851
009500 0.004 0.000005 0.938906 0.056756
009600 0.003 0.000000 0.939210 0.057469
009700 0.003 0.000000 0.940035 0.057263
009800 0.002 0.000000 0.941255 0.056642
009900 0.002 0.000000 0.942244 0.056056
010000 0.001 0.000000 0.943599 0.055065
010100 0.001 0.000000 0.943887 0.055225
010200 0.001 0.000000 0.943033 0.056456
010300 0.000 0.000000 0.943510 0.056332
010400 0.000 0.000000 0.944248 0.055752
010500 0.000 0.000000 0.943920 0.056080
010600 0.000 0.000000 0.944387 0.055613
010700 0.000 0.000000 0.944464 0.055536
010800 0.000 0.000000 0.945273 0.054727
010900 0.000 0.000000 0.945372 0.054628
011000 0.000 0.000000 0.945464 0.054536
011100 0.000 0.000000 0.945778 0.054222
011200 0.000 0.000000 0.946285 0.053715
011300 0.000 0.000000 0.945068 0.054932
011400 0.000 0.000000 0.945462 0.054538
011500 0.000 0.000000 0.945174 0.054826
011600 0.000 0.000000 0.943905 0.056095
011700 0.000 0.000000 0.943211 0.056789
011800 0.000 0.000000 0.944428 0.055572
011900 0.000 0.000000 0.943616 0.056384
012000 0.000 0.000000 0.941899 0.058101
012100 0.000 0.000000 0.942588 0.057412
012200 0.000 0.000000 0.941767 0.058233
012300 0.000 0.000000 0.940875 0.059125
012400 0.000 0.000000 0.940510 0.059490
012500 0.000 0.000000 0.940605 0.059395
012600 0.000 0.000000 0.940156 0.059844
012700 0.000 0.000000 0.941781 0.058219
012800 0.000 0.000000 0.940299 0.059701
012900 0.000 0.000000 0.939701 0.060299
013000 0.000 0.000000 0.939704 0.060296
013100 0.000 0.000000 0.940040 0.059960
013200 0.000 0.000000 0.940474 0.059526
013300 0.000 0.000000 0.939444 0.060556
013400 0.000 0.000000 0.938572 0.061428
013500 0.000 0.000000 0.938529 0.061471
013600 0.000 0.000000 0.938508 0.061492
013700 0.000 0.000000 0.938473 0.061527
013800 0.000 0.000000 0.936942 0.063058
013900 0.000 0.000000 0.936065 0.063935
014000 0.000 0.000000 0.937375 0.062625
014100 0.000 0.000000 0.938286 0.061714
014200 0.000 0.000000 0.938887 0.061113
014300 0.000 0.000000 0.938460 0.061540
014400 0.000 0.000000 0.937359 0.062641
014500 0.000 0.000000 0.938431 0.061569
014600 0.000 0.000000 0.937292 0.062708
014700 0.000 0.000000 0.937705 0.062295
014800 0.000 0.000000 0.938648 0.061352
014900 0.000 0.000000 0.938511 0.061489
015000 0.000 0.000000 0.937047 0.062953
015100 0.000 0.000000 0.936834 0.063166
015200 0.000 0.000000 0.934942 0.065058
015300 0.000 0.000000 0.933876 0.066124
015400 0.000 0.000000 0.934201 0.065799
015500 0.000 0.000000 0.933893 0.066107
015600 0.000 0.000000 0.936364 0.063636
015700 0.000 0.000000 0.935688 0.064312
015800 0.000 0.000000 0.934533 0.065467
015900 0.000 0.000000 0.933623 0.066377
016000 0.000 0.000000 0.933256 0.066744
016100 0.000 0.000000 0.932453 0.067547
016200 0.000 0.000000 0.933911 0.066089
016300 0.000 0.000000 0.935317 0.064683
016400 0.000 0.000000 0.933799 0.066201
016500 0.000 0.000000 0.933528 0.066472
016600 0.000 0.000000 0.933246 0.066754
016700 0.000 0.000000 0.932544 0.067456
016800 0.000 0.000000 0.931782 0.068218
016900 0.000 0.000000 0.931906 0.068094
017000 0.000 0.000000 0.932408 0.067592
017100 0.000 0.000000 0.931705 0.068295
017200 0.000 0.000000 0.931214 0.068786
017300 0.000 0.000000 0.930644 0.069356
017400 0.000 0.000000 0.929492 0.070508
017500 0.000 0.000000 0.928488 0.071512
017600 0.000 0.000000 0.928397 0.071603
017700 0.000 0.000000 0.927592 0.072408
017800 0.000 0.000000 0.926188 0.073813
017900 0.000 0.000000 0.924436 0.075564
018000 0.000 0.000000 0.924569 0.075431
018100 0.000 0.000000 0.923270 0.076730
018200 0.000 0.000000 0.923740 0.076260
018300 0.000 0.000000 0.922590 0.077410
018400 0.000 0.000000 0.923331 0.076669
018500 0.000 0.000000 0.922829 0.077171
018600 0.000 0.000000 0.922353 0.077647
018700 0.000 0.000000 0.921378 0.078622
018800 0.000 0.000000 0.920734 0.079266
018900 0.000 0.000000 0.921564 0.078436
019000 0.000 0.000000 0.920289 0.079711
019100 0.000 0.000000 0.920435 0.079565
019200 0.000 0.000000 0.921353 0.078647
019300 0.000 0.000000 0.922319 0.077681
019400 0.000 0.000000 0.921644 0.078356
019500 0.000 0.000000 0.923276 0.076724
019600 0.000 0.000000 0.923233 0.076767
019700 0.000 0.000000 0.920870 0.079130
019800 0.000 0.000000 0.921545 0.078455
019900 0.000 0.000000 0.920650 0.079350
020000 0.000 0.000000 0.920841 0.079159
020100 0.000 0.000000 0.919282 0.080718
020200 0.000 0.000000 0.919417 0.080583
020300 0.000 0.000000 0.917769 0.082231
020400 0.000 0.000000 0.918696 0.081304
020500 0.000 0.000000 0.917944 0.082056
020600 0.000 0.000000 0.918791 0.081209
020700 0.000 0.000000 0.918910 0.081090
020800 0.000 0.000000 0.919335 0.080665
020900 0.000 0.000000 0.920415 0.079585
021000 0.000 0.000000 0.920735 0.079265
021100 0.000 0.000000 0.921558 0.078442
021200 0.000 0.000000 0.922347 0.077653
021300 0.000 0.000000 0.923640 0.076360
021400 0.000 0.000000 0.925278 0.074722
021500 0.000 0.000000 0.924854 0.075146
021600 0.000 0.000000 0.926000 0.074000
021700 0.000 0.000000 0.924476 0.075524
021800 0.000 0.000000 0.924302 0.075698
021900 0.000 0.000000 0.923719 0.076281
022000 0.000 0.000000 0.926308 0.073692
022100 0.000 0.000000 0.925479 0.074521
022200 0.000 0.000000 0.924832 0.075168
022300 0.000 0.000000 0.924973 0.075027
022400 0.000 0.000000 0.925178 0.074822
022500 0.000 0.000000 0.926424 0.073576
022600 0.000 0.000000 0.925917 0.074083
022700 0.000 0.000000 0.924989 0.075011
022800 0.000 0.000000 0.925860 0.074140
022900 0.000 0.000000 0.924991 0.075009
023000 0.000 0.000000 0.925203 0.074797
023100 0.000 0.000000 0.926042 0.073958
023200 0.000 0.000000 0.925783 0.074217
023300 0.000 0.000000 0.925640 0.074360
023400 0.000 0.000000 0.926008 0.073992
023500 0.000 0.000000 0.925108 0.074892
023600 0.000 0.000000 0.925376 0.074624
023700 0.000 0.000000 0.925741 0.074259
023800 0.000 0.000000 0.923687 0.076313
023900 0.000 0.000000 0.924954 0.075046
024000 0.000 0.000000 0.926267 0.073733
024100 0.000 0.000000 0.926089 0.073911
024200 0.000 0.000000 0.926178 0.073822
024300 0.000 0.000000 0.924874 0.075126
024400 0.000 0.000000 0.924981 0.075019
024500 0.000 0.000000 0.924111 0.075889
024600 0.000 0.000000 0.926195 0.073805
024700 0.000 0.000000 0.926495 0.073505
024800 0.000 0.000000 0.924670 0.075330
024900 0.000 0.000000 0.925115 0.074885
025000 0.000 0.000000 0.924369 0.075631
025100 0.000 0.000000 0.923512 0.076488
025200 0.000 0.000000 0.922906 0.077094
025300 0.000 0.000000 0.922888 0.077112
025400 0.000 0.000000 0.923117 0.076883
025500 0.000 0.000000 0.923117 0.076883
025600 0.000 0.000000 0.923117 0.076883
025700 0.000 0.000000 0.923117 0.076883
025800 0.000 0.000000 0.923117 0.076883
025900 0.000 0.000000 0.923117 0.076883
026000 0.000 0.000000 0.923117 0.076883
026100 0.000 0.000000 0.923117 0.076883
026200 0.000 0.000000 0.923117 0.076883
026300 0.000 0.000000 0.923117 0.076883
026400 0.000 0.000000 0.923117 0.076883
026500 0.000 0.000000 0.923117 0.076883
026600 0.000 0.000000 0.923117 0.076883
026700 0.000 0.000000 0.923117 0.076883
026800 0.000 0.000000 0.923117 0.076883
026900 0.000 0.000000 0.923117 0.076883
027000 0.000 0.000000 0.923117 0.076883
027100 0.000 0.000000 0.923117 0.076883
027200 0.000 0.000000 0.923117 0.076883
027300 0.000 0.000000 0.923117 0.076883
027400 0.000 0.000000 0.923117 0.076883
027500 0.000 0.000000 0.923117 0.076883
027600 0.000 0.000000 0.923117 0.076883
027700 0.000 0.000000 0.923117 0.076883
027800 0.000 0.000000 0.923117 0.076883
027900 0.000 0.000000 0.923117 0.076883
028000 0.000 0.000000 0.923117 0.076883
028100 0.000 0.000000 0.923117 0.076883
028200 0.000 0.000000 0.923117 0.076883
028300 0.000 0.000000 0.923117 0.076883
028400 0.000 0.000000 0.923117 0.076883
028500 0.000 0.000000 0.923117 0.076883
028600 0.000 0.000000 0.923117 0.076883
028700 0.000 0.000000 0.923117 0.076883
028800 0.000 0.000000 0.923117 0.076883
028900 0.000 0.000000 0.923117 0.076883
029000 0.000 0.000000 0.923117 0.076883
029100 0.000 0.000000 0.923117 0.076883
029200 0.000 0.000000 0.923117 0.076883
029300 0.000 0.000000 0.923117 0.076883
029400 0.000 0.000000 0.923117 0.076883
029500 0.000 0.000000 0.923117 0.076883
029600 0.000 0.000000 0.923117 0.076883
029700 0.000 0.000000 0.923117 0.076883
029800 0.000 0.000000 0.923117 0.076883
029900 0.000 0.000000 0.923117 0.076883
030000 0.000 0.000000 0.923117 0.076883
030100 0.000 0.000000 0.923117 0.076883
030200 0.000 0.000000 0.923117 0.076883
030300 0.000 0.000000 0.923117 0.076883
030400 0.000 0.000000 0.923117 0.076883
030500 0.000 0.000000 0.923117 0.076883
030600 0.000 0.000000 0.923117 0.076883
030700 0.000 0.000000 0.923117 0.076883
030800 0.000 0.000000 0.923117 0.076883
030900 0.000 0.000000 0.923117 0.076883
031000 0.000 0.000000 0.923117 0.076883
031100 0.000 0.000000 0.923117 0.076883
031200 0.000 0.000000 0.923117 0.076883
031300 0.000 0.000000 0.923117 0.076883
031400 0.000 0.000000 0.923117 0.076883
031500 0.000 0.000000 0.923117 0.076883
031600 0.000 0.000000 0.923117 0.076883
031700 0.000 0.000000 0.923117 0.076883
031800 0.000 0.000000 0.923117 0.076883
031900 0.000 0.000000 0.923117 0.076883
032000 0.000 0.000000 0.923117 0.076883
032100 0.000 0.000000 0.923117 0.076883
032200 0.000 0.000000 0.923117 0.076883
032300 0.000 0.000000 0.923117 0.076883
032400 0.000 0.000000 0.923117 0.076883
032500 0.000 0.000000 0.923117 0.076883
032600 0.000 0.000000 0.923117 0.076883
032700 0.000 0.000000 0.923117 0.076883
032800 0.000 0.000000 0.923117 0.076883
032900 0.000 0.000000 0.923117 0.076883
033000 0.000 0.000000 0.923117 0.076883
033100 0.000 0.000000 0.923117 0.076883
033200 0.000 0.000000 0.923117 0.076883
033300 0.000 0.000000 0.923117 0.076883
033400 0.000 0.000000 0.923117 0.076883
033500 0.000 0.000000 0.923117 0.076883
033600 0.000 0.000000 0.923117 0.076883
033700 0.000 0.000000 0.923117 0.076883
033800 0.000 0.000000 0.923117 0.076883
033900 0.000 0.000000 0.923117 0.076883
034000 0.000 0.000000 0.923117 0.076883
034100 0.000 0.000000 0.923117 0.076883
034200 0.000 0.000000 0.923117 0.076883
034300 0.000 0.000000 0.923117 0.076883
034400 0.000 0.000000 0.923117 0.076883
034500 0.000 0.000000 0.923117 0.076883
034600 0.000 0.000000 0.923117 0.076883
034700 0.000 0.000000 0.923117 0.076883
034800 0.000 0.000000 0.923117 0.076883
034900 0.000 0.000000 0.923117 0.076883
035000 0.000 0.000000 0.923117 0.076883
035100 0.000 0.000000 0.923117 0.076883
035200 0.000 0.000000 0.923117 0.076883
035300 0.000 0.000000 0.923117 0.076883
035400 0.000 0.000000 0.923117 0.076883
035500 0.000 0.000000 0.923117 0.076883
035600 0.000 0.000000 0.923117 0.076883
035700 0.000 0.000000 0.923117 0.076883
035800 0.000 0.000000 0.923117 0.076883
035900 0.000 0.000000 0.923117 0.076883
036000 0.000 0.000000 0.923117 0.076883
036100 0.000 0.000000 0.923117 0.076883
036200 0.000 0.000000 0.923117 0.076883
036300 0.000 0.000000 0.923117 0.076883
036400 0.000 0.000000 0.923117 0.076883
036500 0.000 0.000000 0.923117 0.076883
036600 0.000 0.000000 0.923117 0.076883
036700 0.000 0.000000 0.923117 0.076883
036800 0.000 0.000000 0.923117 0.076883
036900 0.000 0.000000 0.923117 0.076883
037000 0.000 0.000000 0.923117 0.076883
037100 0.000 0.000000 0.923117 0.076883
037200 0.000 0.000000 0.923117 0.076883
037300 0.000 0.000000 0.923117 0.076883
037400 0.000 0.000000 0.923117 0.076883
037500 0.000 0.000000 0.923117 0.076883
037600 0.000 0.000000 0.923117 0.076883
037700 0.000 0.000000 0.923117 0.076883
037800 0.000 0.000000 0.923117 0.076883
037900 0.000 0.000000 0.923117 0.076883
038000 0.000 0.000000 0.923117 0.076883
038100 0.000 0.000000 0.923117 0.076883
038200 0.000 0.000000 0.923117 0.076883
038300 0.000 0.000000 0.923117 0.076883
038400 0.000 0.000000 0.923117 0.076883
038500 0.000 0.000000 0.923117 0.076883
038600 0.000 0.000000 0.923117 0.076883
038700 0.000 0.000000 0.923117 0.076883
038800 0.000 0.000000 0.923117 0.076883
038900 0.000 0.000000 0.923117 0.076883
039000 0.000 0.000000 0.923117 0.076883
039100 0.000 0.000000 0.923117 0.076883
039200 0.000 0.000000 0.923117 0.076883
039300 0.000 0.000000 0.923117 0.076883
039400 0.000 0.000000 0.923117 0.076883
039500 0.000 0.000000 0.923117 0.076883
039600 0.000 0.000000 0.923117 0.076883
039700 0.000 0.000000 0.923117 0.076883
039800 0.000 0.000000 0.923117 0.076883
039900 0.000 0.000000 0.923117 0.076883
040000 0.000 0.000000 0.923117 0.076883
040100 0.000 0.000000 0.923117 0.076883
040200 0.000 0.000000 0.923117 0.076883
040300 0.000 0.000000 0.923117 0.076883
040400 0.000 0.000000 0.923117 0.076883
040500 0.000 0.000000 0.923117 0.076883
040600 0.000 0.000000 0.923117 0.076883
040700 0.000 0.000000 0.923117 0.076883
040800 0.000 0.000000 0.923117 0.076883
040900 0.000 0.000000 0.923117 0.076883
041000 0.000 0.000000 0.923117 0.076883
041100 0.000 0.000000 0.923117 0.076883
041200 0.000 0.000000 0.923117 0.076883
041300 0.000 0.000000 0.923117 0.076883
041400 0.000 0.000000 0.923117 0.076883
041500 0.000 0.000000 0.923117 0.076883
041600 0.000 0.000000 0.923117 0.076883
041700 0.000 0.000000 0.923117 0.076883
041800 0.000 0.000000 0.923117 0.076883
041900 0.000 0.000000 0.923117 0.076883
042000 0.000 0.000000 0.923117 0.076883
042100 0.000 0.000000 0.923117 0.076883
042200 0.000 0.000000 0.923117 0.076883
042300 0.000 0.000000 0.923117 0.076883
042400 0.000 0.000000 0.923117 0.076883
042500 0.000 0.000000 0.923117 0.076883
042600 0.000 0.000000 0.923117 0.076883
042700 0.000 0.000000 0.923117 0.076883
042800 0.000 0.000000 0.923117 0.076883
042900 0.000 0.000000 0.923117 0.076883
043000 0.000 0.000000 0.923117 0.076883
043100 0.000 0.000000 0.923117 0.076883
043200 0.000 0.000000 0.923117 0.076883
043300 0.000 0.000000 0.923117 0.076883
043400 0.000 0.000000 0.923117 0.076883
043500 0.000 0.000000 0.923117 0.076883
043600 0.000 0.000000 0.923117 0.076883
043700 0.000 0.000000 0.923117 0.076883
043800 0.000 0.000000 0.923117 0.076883
043900 0.000 0.000000 0.923117 0.076883
044000 0.000 0.000000 0.923117 0.076883
044100 0.000 0.000000 0.923117 0.076883
044200 0.000 0.000000 0.923117 0.076883
044300 0.000 0.000000 0.923117 0.076883
044400 0.000 0.000000 0.923117 0.076883
044500 0.000 0.000000 0.923117 0.076883
044600 0.000 0.000000 0.923117 0.076883
044700 0.000 0.000000 0.923117 0.076883
044800 0.000 0.000000 0.923117 0.076883
044900 0.000 0.000000 0.923117 0.076883
045000 0.000 0.000000 0.923117 0.076883
045100 0.000 0.000000 0.923117 0.076883
045200 0.000 0.000000 0.923117 0.076883
045300 0.000 0.000000 0.923117 0.076883
045400 0.000 0.000000 0.923117 0.076883
045500 0.000 0.000000 0.923117 0.076883
045600 0.000 0.000000 0.923117 0.076883
045700 0.000 0.000000 0.923117 0.076883
045800 0.000 0.000000 0.923117 0.076883
045900 0.000 0.000000 0.923117 0.076883
046000 0.000 0.000000 0.923117 0.076883
046100 0.000 0.000000 0.923117 0.076883
046200 0.000 0.000000 0.923117 0.076883
046300 0.000 0.000000 0.923117 0.076883
046400 0.000 0.000000 0.923117 0.076883
046500 0.000 0.000000 0.923117 0.076883
046600 0.000 0.000000 0.923117 0.076883
046700 0.000 0.000000 0.923117 0.076883
046800 0.000 0.000000 0.923117 0.076883
046900 0.000 0.000000 0.923117 0.076883
047000 0.000 0.000000 0.923117 0.076883
047100 0.000 0.000000 0.923117 0.076883
047200 0.000 0.000000 0.923117 0.076883
047300 0.000 0.000000 0.923117 0.076883
047400 0.000 0.000000 0.923117 0.076883
047500 0.000 0.000000 0.923117 0.076883
047600 0.000 0.000000 0.923117 0.076883
047700 0.000 0.000000 0.923117 0.076883
047800 0.000 0.000000 0.923117 0.076883
047900 0.000 0.000000 0.923117 0.076883
048000 0.000 0.000000 0.923117 0.076883
048100 0.000 0.000000 0.923117 0.076883
048200 0.000 0.000000 0.923117 0.076883
048300 0.000 0.000000 0.923117 0.076883
048400 0.000 0.000000 0.923117 0.076883
048500 0.000 0.000000 0.923117 0.076883
048600 0.000 0.000000 0.923117 0.076883
048700 0.000 0.000000 0.923117 0.076883
048800 0.000 0.000000 0.923117 0.076883
048900 0.000 0.000000 0.923117 0.076883
049000 0.000 0.000000 0.923117 0.076883
049100 0.000 0.000000 0.923117 0.076883
049200 0.000 0.000000 0.923117 0.076883
049300 0.000 0.000000 0.923117 0.076883
049400 0.000 0.000000 0.923117 0.076883
049500 0.000 0.000000 0.923117 0.076883
049600 0.000 0.000000 0.923117 0.076883
049700 0.000 0.000000 0.923117 0.076883
049800 0.000 0.000000 0.923117 0.076883
049900 0.000 0.000000 0.923117 0.076883
050000 0.000 0.000000 0.923117 0.076883
