000000 0.223 0.222500 0.270000 0.285000
000100 0.335 0.082508 0.288485 0.294065
000200 0.355 0.036689 0.310824 0.297915
000300 0.330 0.028436 0.340264 0.301122
000400 0.304 0.021177 0.369829 0.304875
000500 0.275 0.017472 0.400648 0.306894
000600 0.244 0.015813 0.432481 0.307546
000700 0.214 0.013618 0.464316 0.308273
000800 0.185 0.011308 0.494952 0.309159
000900 0.161 0.010375 0.517699 0.310989
001000 0.139 0.010299 0.537878 0.313281
001100 0.118 0.010495 0.557817 0.314177
001200 0.098 0.010403 0.577560 0.313545
001300 0.081 0.010433 0.595466 0.312922
001400 0.066 0.010261 0.608558 0.315259
001500 0.053 0.010222 0.618224 0.318558
001600 0.041 0.010067 0.627218 0.321238
001700 0.032 0.009929 0.635312 0.322414
001800 0.025 0.009410 0.637467 0.327792
001900 0.019 0.010197 0.644378 0.326124
002000 0.015 0.009912 0.649847 0.325685
002100 0.010 0.009948 0.651413 0.328258
002200 0.007 0.009892 0.654843 0.328056
002300 0.005 0.009319 0.657215 0.328883
002400 0.002 0.009161 0.659273 0.329154
002500 0.001 0.009122 0.666924 0.322912
002600 0.001 0.008613 0.666647 0.324195
002700 0.000 0.008148 0.664765 0.326797
002800 0.000 0.007890 0.665081 0.326982
002900 0.000 0.007897 0.664474 0.327628
003000 0.000 0.007670 0.667628 0.324701
003100 0.000 0.006809 0.667165 0.326026
003200 0.000 0.007269 0.665666 0.327065
003300 0.000 0.006904 0.664905 0.328191
003400 0.000 0.006720 0.662278 0.331001
003500 0.000 0.006479 0.665335 0.328185
003600 0.000 0.006966 0.665452 0.327582
003700 0.000 0.007167 0.664822 0.328011
003800 0.000 0.006858 0.664158 0.328983
003900 0.000 0.006513 0.666589 0.326899
004000 0.000 0.005933 0.665460 0.328606
004100 0.000 0.005808 0.665138 0.329054
004200 0.000 0.005665 0.664030 0.330306
004300 0.000 0.005685 0.667142 0.327173
004400 0.000 0.006103 0.669169 0.324727
004500 0.000 0.005355 0.671757 0.322888
004600 0.000 0.005686 0.673704 0.320610
004700 0.000 0.005373 0.675234 0.319393
004800 0.000 0.005426 0.676660 0.317915
004900 0.000 0.005442 0.677445 0.317113
005000 0.000 0.005740 0.678603 0.315657
005100 0.000 0.005560 0.680014 0.314426
005200 0.000 0.005201 0.679239 0.315560
005300 0.000 0.005262 0.679142 0.315596
005400 0.000 0.005247 0.678367 0.316387
005500 0.000 0.005185 0.679605 0.315210
005600 0.000 0.005993 0.680504 0.313503
005700 0.000 0.005326 0.681252 0.313422
005800 0.000 0.005456 0.682151 0.312392
005900 0.000 0.005335 0.684331 0.310333
006000 0.000 0.005940 0.683803 0.310258
006100 0.000 0.006119 0.684061 0.309819
006200 0.000 0.005375 0.685656 0.308969
006300 0.000 0.005625 0.683766 0.310609
006400 0.000 0.005568 0.684533 0.309899
006500 0.000 0.005261 0.684105 0.310634
006600 0.000 0.005715 0.683265 0.311020
006700 0.000 0.005797 0.681011 0.313192
006800 0.000 0.005543 0.682244 0.312213
006900 0.000 0.005658 0.683816 0.310526
007000 0.000 0.005637 0.685338 0.309026
007100 0.000 0.005850 0.690653 0.303497
007200 0.000 0.005129 0.688185 0.306685
007300 0.000 0.004721 0.689669 0.305610
007400 0.000 0.004944 0.691649 0.303406
007500 0.000 0.005194 0.693457 0.301349
007600 0.000 0.005334 0.694558 0.300108
007700 0.000 0.004910 0.697040 0.298049
007800 0.000 0.004996 0.696249 0.298755
007900 0.000 0.005035 0.698026 0.296939
008000 0.000 0.004994 0.692672 0.302333
008100 0.000 0.005687 0.693160 0.301153
008200 0.000 0.005817 0.692722 0.301462
008300 0.000 0.006078 0.697055 0.296867
008400 0.000 0.006287 0.695394 0.298319
008500 0.000 0.006347 0.692619 0.301034
008600 0.000 0.006269 0.694160 0.299571
008700 0.000 0.006733 0.691822 0.301445
008800 0.000 0.005966 0.691989 0.302045
008900 0.000 0.006133 0.687974 0.305893
009000 0.000 0.006067 0.686676 0.307256
009100 0.000 0.006431 0.684867 0.308703
009200 0.000 0.006333 0.682961 0.310706
009300 0.000 0.006024 0.684659 0.309317
009400 0.000 0.006345 0.685565 0.308090
009500 0.000 0.006734 0.684808 0.308458
009600 0.000 0.006942 0.685702 0.307356
009700 0.000 0.006769 0.682451 0.310781
009800 0.000 0.006853 0.682304 0.310842
009900 0.000 0.006911 0.682444 0.310645
010000 0.000 0.006766 0.682928 0.310306
010100 0.000 0.006805 0.681670 0.311525
010200 0.000 0.006675 0.682377 0.310948
010300 0.000 0.006162 0.684037 0.309801
010400 0.000 0.006083 0.683322 0.310595
010500 0.000 0.005908 0.686247 0.307846
010600 0.000 0.006360 0.689360 0.304280
010700 0.000 0.005219 0.691895 0.302886
010800 0.000 0.004977 0.691140 0.303883
010900 0.000 0.004985 0.687451 0.307565
011000 0.000 0.004417 0.687396 0.308188
011100 0.000 0.004363 0.686066 0.309572
011200 0.000 0.005230 0.681843 0.312927
011300 0.000 0.005246 0.680678 0.314076
011400 0.000 0.005169 0.680734 0.314097
011500 0.000 0.004897 0.679961 0.315142
011600 0.000 0.005115 0.677617 0.317268
011700 0.000 0.004712 0.674087 0.321201
011800 0.000 0.004455 0.673495 0.322050
011900 0.000 0.003874 0.673788 0.322338
012000 0.000 0.004019 0.676683 0.319298
012100 0.000 0.004147 0.675910 0.319943
012200 0.000 0.003751 0.675353 0.320896
012300 0.000 0.003711 0.677298 0.318991
012400 0.000 0.003756 0.675866 0.320378
012500 0.000 0.003888 0.675412 0.320700
012600 0.000 0.003766 0.677792 0.318442
012700 0.000 0.003893 0.673897 0.322210
012800 0.000 0.003401 0.672316 0.324283
012900 0.000 0.003358 0.670896 0.325746
013000 0.000 0.003056 0.669322 0.327622
013100 0.000 0.003167 0.672056 0.324777
013200 0.000 0.003338 0.672170 0.324492
013300 0.000 0.003494 0.670055 0.326451
013400 0.000 0.002953 0.671001 0.326046
013500 0.000 0.002632 0.671126 0.326242
013600 0.000 0.002589 0.674118 0.323293
013700 0.000 0.002408 0.670506 0.327086
013800 0.000 0.002715 0.669222 0.328062
013900 0.000 0.002678 0.666964 0.330358
014000 0.000 0.003076 0.666587 0.330337
014100 0.000 0.002797 0.668338 0.328865
014200 0.000 0.003065 0.667853 0.329083
014300 0.000 0.002720 0.666765 0.330515
014400 0.000 0.001881 0.666217 0.331901
014500 0.000 0.001694 0.663826 0.334481
014600 0.000 0.001322 0.665153 0.333526
014700 0.000 0.001186 0.665401 0.333413
014800 0.000 0.001059 0.666718 0.332223
014900 0.000 0.001042 0.669283 0.329675
015000 0.000 0.001026 0.669570 0.329403
015100 0.000 0.001096 0.669421 0.329483
015200 0.000 0.001243 0.669501 0.329256
015300 0.000 0.001469 0.669249 0.329283
015400 0.000 0.001190 0.669471 0.329339
015500 0.000 0.001470 0.668944 0.329585
015600 0.000 0.001626 0.665108 0.333266
015700 0.000 0.001687 0.664365 0.333949
015800 0.000 0.001406 0.663259 0.335335
015900 0.000 0.001449 0.662521 0.336030
016000 0.000 0.001535 0.661853 0.336612
016100 0.000 0.001206 0.662654 0.336140
016200 0.000 0.001251 0.664594 0.334156
016300 0.000 0.001234 0.665351 0.333415
016400 0.000 0.001124 0.663133 0.335743
016500 0.000 0.001150 0.663174 0.335676
016600 0.000 0.001350 0.658828 0.339822
016700 0.000 0.001303 0.656864 0.341833
016800 0.000 0.001805 0.658258 0.339937
016900 0.000 0.001563 0.657965 0.340472
017000 0.000 0.001649 0.659133 0.339219
017100 0.000 0.001538 0.657785 0.340676
017200 0.000 0.001406 0.657443 0.341151
017300 0.000 0.001478 0.655060 0.343463
017400 0.000 0.001380 0.653751 0.344869
017500 0.000 0.001029 0.652241 0.346730
017600 0.000 0.001250 0.649791 0.348959
017700 0.000 0.001270 0.650578 0.348151
017800 0.000 0.001467 0.650985 0.347548
017900 0.000 0.001473 0.650867 0.347660
018000 0.000 0.001335 0.651747 0.346918
018100 0.000 0.001305 0.651575 0.347120
018200 0.000 0.000997 0.652861 0.346142
018300 0.000 0.001179 0.649628 0.349193
018400 0.000 0.001172 0.651990 0.346839
018500 0.000 0.001341 0.652051 0.346608
018600 0.000 0.001322 0.650832 0.347847
018700 0.000 0.001409 0.649038 0.349553
018800 0.000 0.001502 0.647701 0.350797
018900 0.000 0.001613 0.647816 0.350572
019000 0.000 0.001546 0.646134 0.352320
019100 0.000 0.001472 0.645831 0.352697
019200 0.000 0.001570 0.648358 0.350072
019300 0.000 0.001203 0.646718 0.352079
019400 0.000 0.001094 0.645615 0.353292
019500 0.000 0.001008 0.644796 0.354196
019600 0.000 0.001307 0.645892 0.352801
019700 0.000 0.001481 0.647381 0.351138
019800 0.000 0.001392 0.645819 0.352789
019900 0.000 0.001374 0.645305 0.353321
020000 0.000 0.001283 0.647433 0.351284
020100 0.000 0.001311 0.646313 0.352376
020200 0.000 0.001391 0.644797 0.353812
020300 0.000 0.001340 0.648267 0.350392
020400 0.000 0.001315 0.652056 0.346629
020500 0.000 0.001382 0.650026 0.348592
020600 0.000 0.001324 0.650069 0.348607
020700 0.000 0.001055 0.649823 0.349122
020800 0.000 0.000748 0.652599 0.346653
020900 0.000 0.000603 0.653364 0.346033
021000 0.000 0.000670 0.653994 0.345335
021100 0.000 0.000450 0.652729 0.346821
021200 0.000 0.000404 0.651944 0.347651
021300 0.000 0.000581 0.654101 0.345318
021400 0.000 0.000795 0.650726 0.348478
021500 0.000 0.000934 0.651999 0.347067
021600 0.000 0.001001 0.656102 0.342897
021700 0.000 0.000992 0.654629 0.344378
021800 0.000 0.000932 0.653355 0.345713
021900 0.000 0.001041 0.654935 0.344024
022000 0.000 0.001224 0.656320 0.342456
022100 0.000 0.001203 0.658288 0.340510
022200 0.000 0.001286 0.655668 0.343046
022300 0.000 0.001233 0.656641 0.342126
022400 0.000 0.001250 0.657581 0.341169
022500 0.000 0.001498 0.657339 0.341163
022600 0.000 0.001439 0.656981 0.341581
022700 0.000 0.001347 0.658627 0.340026
022800 0.000 0.001283 0.656587 0.342130
022900 0.000 0.001032 0.657899 0.341069
023000 0.000 0.000938 0.660784 0.338278
023100 0.000 0.000840 0.663272 0.335888
023200 0.000 0.000790 0.662652 0.336558
023300 0.000 0.000818 0.661816 0.337366
023400 0.000 0.000847 0.659778 0.339376
023500 0.000 0.000767 0.655617 0.343615
023600 0.000 0.000857 0.659305 0.339838
023700 0.000 0.000635 0.657260 0.342105
023800 0.000 0.000644 0.657351 0.342006
023900 0.000 0.000631 0.659505 0.339865
024000 0.000 0.000672 0.660968 0.338360
024100 0.000 0.000680 0.660908 0.338413
024200 0.000 0.000657 0.662077 0.337266
024300 0.000 0.000763 0.662114 0.337124
024400 0.000 0.000816 0.659596 0.339588
024500 0.000 0.000662 0.657875 0.341463
024600 0.000 0.000817 0.655387 0.343797
024700 0.000 0.000786 0.655096 0.344118
024800 0.000 0.000718 0.655058 0.344224
024900 0.000 0.000978 0.655947 0.343075
025000 0.000 0.000878 0.657951 0.341170
025100 0.000 0.001084 0.658283 0.340633
025200 0.000 0.000972 0.659725 0.339303
025300 0.000 0.001092 0.662402 0.336506
025400 0.000 0.000960 0.661944 0.337097
025500 0.000 0.001076 0.663338 0.335586
025600 0.000 0.001258 0.659924 0.338819
025700 0.000 0.001226 0.659668 0.339106
025800 0.000 0.001275 0.658262 0.340463
025900 0.000 0.001131 0.655291 0.343578
026000 0.000 0.001047 0.654121 0.344833
026100 0.000 0.000944 0.652603 0.346452
026200 0.000 0.001006 0.653255 0.345740
026300 0.000 0.001278 0.652119 0.346603
026400 0.000 0.001297 0.649965 0.348737
026500 0.000 0.001207 0.648349 0.350444
026600 0.000 0.001252 0.646624 0.352124
026700 0.000 0.001138 0.646222 0.352640
026800 0.000 0.001148 0.646378 0.352474
026900 0.000 0.001030 0.646626 0.352344
027000 0.000 0.001030 0.646626 0.352344
027100 0.000 0.001030 0.646626 0.352344
027200 0.000 0.001030 0.646626 0.352344
027300 0.000 0.001030 0.646626 0.352344
027400 0.000 0.001030 0.646626 0.352344
027500 0.000 0.001030 0.646626 0.352344
027600 0.000 0.001030 0.646626 0.352344
027700 0.000 0.001030 0.646626 0.352344
027800 0.000 0.001030 0.646626 0.352344
027900 0.000 0.001030 0.646626 0.352344
028000 0.000 0.001030 0.646626 0.352344
028100 0.000 0.001030 0.646626 0.352344
028200 0.000 0.001030 0.646626 0.352344
028300 0.000 0.001030 0.646626 0.352344
028400 0.000 0.001030 0.646626 0.352344
028500 0.000 0.001030 0.646626 0.352344
028600 0.000 0.001030 0.646626 0.352344
028700 0.000 0.001030 0.646626 0.352344
028800 0.000 0.001030 0.646626 0.352344
028900 0.000 0.001030 0.646626 0.352344
029000 0.000 0.001030 0.646626 0.352344
029100 0.000 0.001030 0.646626 0.352344
029200 0.000 0.001030 0.646626 0.352344
029300 0.000 0.001030 0.646626 0.352344
029400 0.000 0.001030 0.646626 0.352344
029500 0.000 0.001030 0.646626 0.352344
029600 0.000 0.001030 0.646626 0.352344
029700 0.000 0.001030 0.646626 0.352344
029800 0.000 0.001030 0.646626 0.352344
029900 0.000 0.001030 0.646626 0.352344
030000 0.000 0.001030 0.646626 0.352344
030100 0.000 0.001030 0.646626 0.352344
030200 0.000 0.001030 0.646626 0.352344
030300 0.000 0.001030 0.646626 0.352344
030400 0.000 0.001030 0.646626 0.352344
030500 0.000 0.001030 0.646626 0.352344
030600 0.000 0.001030 0.646626 0.352344
030700 0.000 0.001030 0.646626 0.352344
030800 0.000 0.001030 0.646626 0.352344
030900 0.000 0.001030 0.646626 0.352344
031000 0.000 0.001030 0.646626 0.352344
031100 0.000 0.001030 0.646626 0.352344
031200 0.000 0.001030 0.646626 0.352344
031300 0.000 0.001030 0.646626 0.352344
031400 0.000 0.001030 0.646626 0.352344
031500 0.000 0.001030 0.646626 0.352344
031600 0.000 0.001030 0.646626 0.352344
031700 0.000 0.001030 0.646626 0.352344
031800 0.000 0.001030 0.646626 0.352344
031900 0.000 0.001030 0.646626 0.352344
032000 0.000 0.001030 0.646626 0.352344
032100 0.000 0.001030 0.646626 0.352344
032200 0.000 0.001030 0.646626 0.352344
032300 0.000 0.001030 0.646626 0.352344
032400 0.000 0.001030 0.646626 0.352344
032500 0.000 0.001030 0.646626 0.352344
032600 0.000 0.001030 0.646626 0.352344
032700 0.000 0.001030 0.646626 0.352344
032800 0.000 0.001030 0.646626 0.352344
032900 0.000 0.001030 0.646626 0.352344
033000 0.000 0.001030 0.646626 0.352344
033100 0.000 0.001030 0.646626 0.352344
033200 0.000 0.001030 0.646626 0.352344
033300 0.000 0.001030 0.646626 0.352344
033400 0.000 0.001030 0.646626 0.352344
033500 0.000 0.001030 0.646626 0.352344
033600 0.000 0.001030 0.646626 0.352344
033700 0.000 0.001030 0.646626 0.352344
033800 0.000 0.001030 0.646626 0.352344
033900 0.000 0.001030 0.646626 0.352344
034000 0.000 0.001030 0.646626 0.352344
034100 0.000 0.001030 0.646626 0.352344
034200 0.000 0.001030 0.646626 0.352344
034300 0.000 0.001030 0.646626 0.352344
034400 0.000 0.001030 0.646626 0.352344
034500 0.000 0.001030 0.646626 0.352344
034600 0.000 0.001030 0.646626 0.352344
034700 0.000 0.001030 0.646626 0.352344
034800 0.000 0.001030 0.646626 0.352344
034900 0.000 0.001030 0.646626 0.352344
035000 0.000 0.001030 0.646626 0.352344
035100 0.000 0.001030 0.646626 0.352344
035200 0.000 0.001030 0.646626 0.352344
035300 0.000 0.001030 0.646626 0.352344
035400 0.000 0.001030 0.646626 0.352344
035500 0.000 0.001030 0.646626 0.352344
035600 0.000 0.001030 0.646626 0.352344
035700 0.000 0.001030 0.646626 0.352344
035800 0.000 0.001030 0.646626 0.352344
035900 0.000 0.001030 0.646626 0.352344
036000 0.000 0.001030 0.646626 0.352344
036100 0.000 0.001030 0.646626 0.352344
036200 0.000 0.001030 0.646626 0.352344
036300 0.000 0.001030 0.646626 0.352344
036400 0.000 0.001030 0.646626 0.352344
036500 0.000 0.001030 0.646626 0.352344
036600 0.000 0.001030 0.646626 0.352344
036700 0.000 0.001030 0.646626 0.352344
036800 0.000 0.001030 0.646626 0.352344
036900 0.000 0.001030 0.646626 0.352344
037000 0.000 0.001030 0.646626 0.352344
037100 0.000 0.001030 0.646626 0.352344
037200 0.000 0.001030 0.646626 0.352344
037300 0.000 0.001030 0.646626 0.352344
037400 0.000 0.001030 0.646626 0.352344
037500 0.000 0.001030 0.646626 0.352344
037600 0.000 0.001030 0.646626 0.352344
037700 0.000 0.001030 0.646626 0.352344
037800 0.000 0.001030 0.646626 0.352344
037900 0.000 0.001030 0.646626 0.352344
038000 0.000 0.001030 0.646626 0.352344
038100 0.000 0.001030 0.646626 0.352344
038200 0.000 0.001030 0.646626 0.352344
038300 0.000 0.001030 0.646626 0.352344
038400 0.000 0.001030 0.646626 0.352344
038500 0.000 0.001030 0.646626 0.352344
038600 0.000 0.001030 0.646626 0.352344
038700 0.000 0.001030 0.646626 0.352344
038800 0.000 0.001030 0.646626 0.352344
038900 0.000 0.001030 0.646626 0.352344
039000 0.000 0.001030 0.646626 0.352344
039100 0.000 0.001030 0.646626 0.352344
039200 0.000 0.001030 0.646626 0.352344
039300 0.000 0.001030 0.646626 0.352344
039400 0.000 0.001030 0.646626 0.352344
039500 0.000 0.001030 0.646626 0.352344
039600 0.000 0.001030 0.646626 0.352344
039700 0.000 0.001030 0.646626 0.352344
039800 0.000 0.001030 0.646626 0.352344
039900 0.000 0.001030 0.646626 0.352344
040000 0.000 0.001030 0.646626 0.352344
040100 0.000 0.001030 0.646626 0.352344
040200 0.000 0.001030 0.646626 0.352344
040300 0.000 0.001030 0.646626 0.352344
040400 0.000 0.001030 0.646626 0.352344
040500 0.000 0.001030 0.646626 0.352344
040600 0.000 0.001030 0.646626 0.352344
040700 0.000 0.001030 0.646626 0.352344
040800 0.000 0.001030 0.646626 0.352344
040900 0.000 0.001030 0.646626 0.352344
041000 0.000 0.001030 0.646626 0.352344
041100 0.000 0.001030 0.646626 0.352344
041200 0.000 0.001030 0.646626 0.352344
041300 0.000 0.001030 0.646626 0.352344
041400 0.000 0.001030 0.646626 0.352344
041500 0.000 0.001030 0.646626 0.352344
041600 0.000 0.001030 0.646626 0.352344
041700 0.000 0.001030 0.646626 0.352344
041800 0.000 0.001030 0.646626 0.352344
041900 0.000 0.001030 0.646626 0.352344
042000 0.000 0.001030 0.646626 0.352344
042100 0.000 0.001030 0.646626 0.352344
042200 0.000 0.001030 0.646626 0.352344
042300 0.000 0.001030 0.646626 0.352344
042400 0.000 0.001030 0.646626 0.352344
042500 0.000 0.001030 0.646626 0.352344
042600 0.000 0.001030 0.646626 0.352344
042700 0.000 0.001030 0.646626 0.352344
042800 0.000 0.001030 0.646626 0.352344
042900 0.000 0.001030 0.646626 0.352344
043000 0.000 0.001030 0.646626 0.352344
043100 0.000 0.001030 0.646626 0.352344
043200 0.000 0.001030 0.646626 0.352344
043300 0.000 0.001030 0.646626 0.352344
043400 0.000 0.001030 0.646626 0.352344
043500 0.000 0.001030 0.646626 0.352344
043600 0.000 0.001030 0.646626 0.352344
043700 0.000 0.001030 0.646626 0.352344
043800 0.000 0.001030 0.646626 0.352344
043900 0.000 0.001030 0.646626 0.352344
044000 0.000 0.001030 0.646626 0.352344
044100 0.000 0.001030 0.646626 0.352344
044200 0.000 0.001030 0.646626 0.352344
044300 0.000 0.001030 0.646626 0.352344
044400 0.000 0.001030 0.646626 0.352344
044500 0.000 0.001030 0.646626 0.352344
044600 0.000 0.001030 0.646626 0.352344
044700 0.000 0.001030 0.646626 0.352344
044800 0.000 0.001030 0.646626 0.352344
044900 0.000 0.001030 0.646626 0.352344
045000 0.000 0.001030 0.646626 0.352344
045100 0.000 0.001030 0.646626 0.352344
045200 0.000 0.001030 0.646626 0.352344
045300 0.000 0.001030 0.646626 0.352344
045400 0.000 0.001030 0.646626 0.352344
045500 0.000 0.001030 0.646626 0.352344
045600 0.000 0.001030 0.646626 0.352344
045700 0.000 0.001030 0.646626 0.352344
045800 0.000 0.001030 0.646626 0.352344
045900 0.000 0.001030 0.646626 0.352344
046000 0.000 0.001030 0.646626 0.352344
046100 0.000 0.001030 0.646626 0.352344
046200 0.000 0.001030 0.646626 0.352344
046300 0.000 0.001030 0.646626 0.352344
046400 0.000 0.001030 0.646626 0.352344
046500 0.000 0.001030 0.646626 0.352344
046600 0.000 0.001030 0.646626 0.352344
046700 0.000 0.001030 0.646626 0.352344
046800 0.000 0.001030 0.646626 0.352344
046900 0.000 0.001030 0.646626 0.352344
047000 0.000 0.001030 0.646626 0.352344
047100 0.000 0.001030 0.646626 0.352344
047200 0.000 0.001030 0.646626 0.352344
047300 0.000 0.001030 0.646626 0.352344
047400 0.000 0.001030 0.646626 0.352344
047500 0.000 0.001030 0.646626 0.352344
047600 0.000 0.001030 0.646626 0.352344
047700 0.000 0.001030 0.646626 0.352344
047800 0.000 0.001030 0.646626 0.352344
047900 0.000 0.001030 0.646626 0.352344
048000 0.000 0.001030 0.646626 0.352344
048100 0.000 0.001030 0.646626 0.352344
048200 0.000 0.001030 0.646626 0.352344
048300 0.000 0.001030 0.646626 0.352344
048400 0.000 0.001030 0.646626 0.352344
048500 0.000 0.001030 0.646626 0.352344
048600 0.000 0.001030 0.646626 0.352344
048700 0.000 0.001030 0.646626 0.352344
048800 0.000 0.001030 0.646626 0.352344
048900 0.000 0.001030 0.646626 0.352344
049000 0.000 0.001030 0.646626 0.352344
049100 0.000 0.001030 0.646626 0.352344
049200 0.000 0.001030 0.646626 0.352344
049300 0.000 0.001030 0.646626 0.352344
049400 0.000 0.001030 0.646626 0.352344
049500 0.000 0.001030 0.646626 0.352344
049600 0.000 0.001030 0.646626 0.352344
049700 0.000 0.001030 0.646626 0.352344
049800 0.000 0.001030 0.646626 0.352344
049900 0.000 0.001030 0.646626 0.352344
050000 0.000 0.001030 0.646626 0.352344
