000000 0.235 0.275000 0.252500 0.237500
000100 0.334 0.108724 0.272149 0.284986
000200 0.317 0.063192 0.295587 0.323728
000300 0.272 0.051904 0.323385 0.352395
000400 0.227 0.047109 0.351558 0.374320
000500 0.182 0.044199 0.381403 0.392174
000600 0.137 0.045778 0.406822 0.409960
000700 0.101 0.045427 0.429917 0.423233
000800 0.076 0.046371 0.445188 0.432438
000900 0.057 0.048243 0.455118 0.440012
001000 0.042 0.049525 0.465230 0.443319
001100 0.030 0.048262 0.473602 0.448210
001200 0.020 0.048643 0.477087 0.453990
001300 0.012 0.048303 0.481215 0.458276
001400 0.007 0.049922 0.485784 0.457780
001500 0.004 0.050455 0.488547 0.456883
001600 0.002 0.050388 0.489868 0.457661
001700 0.001 0.050720 0.485728 0.462447
001800 0.001 0.050173 0.485879 0.463195
001900 0.000 0.047926 0.486130 0.465463
002000 0.000 0.047331 0.486528 0.465989
002100 0.000 0.047225 0.489149 0.463593
002200 0.000 0.047883 0.488151 0.463965
002300 0.000 0.047135 0.487362 0.465503
002400 0.000 0.045520 0.487158 0.467322
002500 0.000 0.045891 0.485830 0.468279
002600 0.000 0.046319 0.484318 0.469363
002700 0.000 0.045253 0.485827 0.468919
002800 0.000 0.044524 0.487115 0.468361
002900 0.000 0.043987 0.486290 0.469723
003000 0.000 0.043463 0.484785 0.471751
003100 0.000 0.042417 0.485763 0.471819
003200 0.000 0.042876 0.483934 0.473190
003300 0.000 0.043678 0.481038 0.475284
003400 0.000 0.042889 0.480071 0.477040
003500 0.000 0.042944 0.482352 0.474703
003600 0.000 0.042976 0.484381 0.472644
003700 0.000 0.042650 0.483195 0.474155
003800 0.000 0.041226 0.485064 0.473710
003900 0.000 0.042082 0.482415 0.475503
004000 0.000 0.044677 0.479036 0.476287
004100 0.000 0.045186 0.482771 0.472043
004200 0.000 0.044878 0.487336 0.467785
004300 0.000 0.044788 0.488495 0.466717
004400 0.000 0.045308 0.487237 0.467454
004500 0.000 0.046078 0.489681 0.464241
004600 0.000 0.048099 0.488660 0.463241
004700 0.000 0.048695 0.486779 0.464526
004800 0.000 0.048299 0.484536 0.467165
004900 0.000 0.049058 0.484035 0.466908
005000 0.000 0.047665 0.483459 0.468876
005100 0.000 0.048295 0.482938 0.468767
005200 0.000 0.047867 0.483735 0.468398
005300 0.000 0.048670 0.485413 0.465917
005400 0.000 0.048804 0.487566 0.463630
005500 0.000 0.049047 0.488534 0.462419
005600 0.000 0.049613 0.487749 0.462637
005700 0.000 0.049968 0.486828 0.463204
005800 0.000 0.049218 0.487268 0.463514
005900 0.000 0.049086 0.484899 0.466015
006000 0.000 0.050460 0.486028 0.463512
006100 0.000 0.050467 0.489339 0.460194
006200 0.000 0.051156 0.486219 0.462624
006300 0.000 0.050846 0.484856 0.464298
006400 0.000 0.050407 0.488533 0.461060
006500 0.000 0.048897 0.490060 0.461044
006600 0.000 0.050543 0.487417 0.462040
006700 0.000 0.050927 0.484622 0.464451
006800 0.000 0.050172 0.488032 0.461797
006900 0.000 0.051375 0.486332 0.462293
007000 0.000 0.049720 0.486718 0.463562
007100 0.000 0.050679 0.486481 0.462840
007200 0.000 0.051569 0.489156 0.459274
007300 0.000 0.051734 0.486139 0.462127
007400 0.000 0.052460 0.486076 0.461464
007500 0.000 0.053523 0.486938 0.459540
007600 0.000 0.054041 0.486034 0.459925
007700 0.000 0.052031 0.485767 0.462201
007800 0.000 0.051842 0.482572 0.465586
007900 0.000 0.052110 0.481025 0.466865
008000 0.000 0.052315 0.481520 0.466165
008100 0.000 0.052081 0.485232 0.462687
008200 0.000 0.051502 0.484674 0.463824
008300 0.000 0.052038 0.484646 0.463317
008400 0.000 0.050722 0.485248 0.464030
008500 0.000 0.050479 0.484819 0.464701
008600 0.000 0.051238 0.485460 0.463302
008700 0.000 0.051537 0.481590 0.466873
008800 0.000 0.052392 0.482217 0.465391
008900 0.000 0.051944 0.485033 0.463023
009000 0.000 0.051974 0.482351 0.465676
009100 0.000 0.052658 0.479005 0.468337
009200 0.000 0.052512 0.477306 0.470181
009300 0.000 0.053613 0.474650 0.471737
009400 0.000 0.054864 0.478403 0.466733
009500 0.000 0.057119 0.479190 0.463691
009600 0.000 0.056381 0.481169 0.462450
009700 0.000 0.055051 0.485351 0.459599
009800 0.000 0.054259 0.482728 0.463013
009900 0.000 0.052978 0.485769 0.461252
010000 0.000 0.050938 0.486926 0.462135
010100 0.000 0.051867 0.483920 0.464212
010200 0.000 0.050608 0.484306 0.465086
010300 0.000 0.049144 0.486103 0.464753
010400 0.000 0.050073 0.482831 0.467097
010500 0.000 0.051744 0.481083 0.467174
010600 0.000 0.053445 0.482621 0.463934
010700 0.000 0.053595 0.483735 0.462670
010800 0.000 0.054535 0.481574 0.463891
010900 0.000 0.053716 0.485322 0.460962
011000 0.000 0.054748 0.486823 0.458429
011100 0.000 0.056758 0.482346 0.460897
011200 0.000 0.057378 0.483993 0.458628
011300 0.000 0.057319 0.486547 0.456134
011400 0.000 0.056628 0.483896 0.459476
011500 0.000 0.055231 0.482317 0.462452
011600 0.000 0.055945 0.484828 0.459227
011700 0.000 0.056128 0.483467 0.460404
011800 0.000 0.053651 0.484967 0.461382
011900 0.000 0.052819 0.487527 0.459653
012000 0.000 0.052900 0.488924 0.458176
012100 0.000 0.051805 0.490235 0.457960
012200 0.000 0.051940 0.492673 0.455387
012300 0.000 0.051553 0.494931 0.453515
012400 0.000 0.050695 0.492613 0.456692
012500 0.000 0.049037 0.495864 0.455099
012600 0.000 0.047394 0.499483 0.453123
012700 0.000 0.046258 0.499953 0.453788
012800 0.000 0.046089 0.499399 0.454512
012900 0.000 0.045640 0.498667 0.455693
013000 0.000 0.045697 0.496110 0.458194
013100 0.000 0.046667 0.495244 0.458088
013200 0.000 0.048176 0.495012 0.456812
013300 0.000 0.048565 0.492733 0.458701
013400 0.000 0.049953 0.488638 0.461409
013500 0.000 0.051024 0.488882 0.460094
013600 0.000 0.052301 0.488588 0.459111
013700 0.000 0.051667 0.488253 0.460079
013800 0.000 0.051647 0.488944 0.459410
013900 0.000 0.051932 0.490053 0.458015
014000 0.000 0.053788 0.490448 0.455765
014100 0.000 0.053531 0.490344 0.456125
014200 0.000 0.053538 0.488181 0.458282
014300 0.000 0.054354 0.486967 0.458679
014400 0.000 0.054740 0.489256 0.456004
014500 0.000 0.054051 0.492997 0.452951
014600 0.000 0.055388 0.488416 0.456196
014700 0.000 0.054700 0.490260 0.455040
014800 0.000 0.055578 0.490319 0.454102
014900 0.000 0.055294 0.492079 0.452626
015000 0.000 0.056469 0.491419 0.452112
015100 0.000 0.056660 0.491500 0.451840
015200 0.000 0.058054 0.490755 0.451191
015300 0.000 0.058283 0.491371 0.450347
015400 0.000 0.056116 0.491535 0.452349
015500 0.000 0.054600 0.488549 0.456851
015600 0.000 0.053944 0.487113 0.458943
015700 0.000 0.053835 0.488185 0.457979
015800 0.000 0.052771 0.487727 0.459502
015900 0.000 0.051624 0.488781 0.459595
016000 0.000 0.050648 0.491201 0.458151
016100 0.000 0.051142 0.496434 0.452424
016200 0.000 0.052469 0.493531 0.454001
016300 0.000 0.052156 0.494421 0.453423
016400 0.000 0.052098 0.496304 0.451598
016500 0.000 0.051756 0.496768 0.451476
016600 0.000 0.052629 0.496835 0.450535
016700 0.000 0.051790 0.500124 0.448086
016800 0.000 0.051489 0.498716 0.449795
016900 0.000 0.051471 0.501617 0.446912
017000 0.000 0.052434 0.500372 0.447194
017100 0.000 0.051654 0.501293 0.447053
017200 0.000 0.052183 0.503259 0.444558
017300 0.000 0.051178 0.505865 0.442958
017400 0.000 0.051114 0.507781 0.441106
017500 0.000 0.052021 0.507012 0.440967
017600 0.000 0.051672 0.504875 0.443453
017700 0.000 0.052381 0.506528 0.441091
017800 0.000 0.053578 0.508050 0.438372
017900 0.000 0.052142 0.507177 0.440681
018000 0.000 0.053093 0.505692 0.441215
018100 0.000 0.052368 0.501790 0.445842
018200 0.000 0.053147 0.501545 0.445308
018300 0.000 0.054385 0.505858 0.439757
018400 0.000 0.056105 0.503420 0.440475
018500 0.000 0.055924 0.501862 0.442215
018600 0.000 0.054522 0.502108 0.443369
018700 0.000 0.054608 0.499926 0.445466
018800 0.000 0.054992 0.499081 0.445927
018900 0.000 0.055706 0.502004 0.442290
019000 0.000 0.055356 0.502033 0.442610
019100 0.000 0.054934 0.500282 0.444784
019200 0.000 0.054201 0.500759 0.445040
019300 0.000 0.054744 0.501014 0.444242
019400 0.000 0.054188 0.495467 0.450345
019500 0.000 0.054764 0.495036 0.450200
019600 0.000 0.054319 0.494849 0.450831
019700 0.000 0.052881 0.492783 0.454336
019800 0.000 0.054044 0.493008 0.452949
019900 0.000 0.055012 0.495026 0.449962
020000 0.000 0.053324 0.495050 0.451626
020100 0.000 0.053714 0.494225 0.452061
020200 0.000 0.053427 0.496319 0.450254
020300 0.000 0.053444 0.496953 0.449602
020400 0.000 0.052469 0.496978 0.450553
020500 0.000 0.051434 0.500331 0.448235
020600 0.000 0.052487 0.499621 0.447892
020700 0.000 0.053667 0.499731 0.446603
020800 0.000 0.052022 0.501530 0.446448
020900 0.000 0.051374 0.504340 0.444287
021000 0.000 0.051041 0.502219 0.446740
021100 0.000 0.051995 0.504335 0.443669
021200 0.000 0.052741 0.502016 0.445243
021300 0.000 0.052746 0.500427 0.446827
021400 0.000 0.053608 0.498487 0.447906
021500 0.000 0.053553 0.497858 0.448588
021600 0.000 0.054701 0.496292 0.449008
021700 0.000 0.056146 0.499428 0.444426
021800 0.000 0.053916 0.499276 0.446808
021900 0.000 0.054547 0.500833 0.444621
022000 0.000 0.054949 0.501568 0.443483
022100 0.000 0.055257 0.501115 0.443628
022200 0.000 0.054794 0.500619 0.444586
022300 0.000 0.056140 0.497792 0.446068
022400 0.000 0.055539 0.497496 0.446965
022500 0.000 0.055426 0.496583 0.447991
022600 0.000 0.054541 0.498294 0.447165
022700 0.000 0.054053 0.499278 0.446669
022800 0.000 0.056449 0.496432 0.447119
022900 0.000 0.057719 0.492369 0.449911
023000 0.000 0.056893 0.492665 0.450442
023100 0.000 0.056771 0.493365 0.449864
023200 0.000 0.054537 0.495356 0.450108
023300 0.000 0.053674 0.498162 0.448164
023400 0.000 0.054722 0.499736 0.445542
023500 0.000 0.053213 0.501101 0.445686
023600 0.000 0.053749 0.498228 0.448022
023700 0.000 0.053338 0.500668 0.445994
023800 0.000 0.052998 0.503328 0.443674
023900 0.000 0.053782 0.503995 0.442223
024000 0.000 0.054057 0.503874 0.442069
024100 0.000 0.054131 0.504024 0.441844
024200 0.000 0.053874 0.503486 0.442640
024300 0.000 0.054938 0.501940 0.443122
024400 0.000 0.055628 0.500818 0.443554
024500 0.000 0.055210 0.501447 0.443344
024600 0.000 0.055860 0.502124 0.442016
024700 0.000 0.056385 0.500844 0.442772
024800 0.000 0.057681 0.498221 0.444099
024900 0.000 0.057572 0.500441 0.441987
025000 0.000 0.057231 0.501881 0.440887
025100 0.000 0.057424 0.502259 0.440317
025200 0.000 0.057911 0.501939 0.440150
025300 0.000 0.055833 0.501541 0.442626
025400 0.000 0.055030 0.501766 0.443204
025500 0.000 0.055962 0.504257 0.439781
025600 0.000 0.054949 0.502081 0.442970
025700 0.000 0.053818 0.502514 0.443668
025800 0.000 0.052924 0.504107 0.442969
025900 0.000 0.053663 0.503023 0.443315
026000 0.000 0.052642 0.501824 0.445535
026100 0.000 0.051842 0.500783 0.447375
026200 0.000 0.051966 0.503379 0.444655
026300 0.000 0.051208 0.504410 0.444383
026400 0.000 0.051644 0.503952 0.444404
026500 0.000 0.050153 0.506400 0.443447
026600 0.000 0.050662 0.507068 0.442269
026700 0.000 0.049859 0.509153 0.440988
026800 0.000 0.050380 0.508638 0.440982
026900 0.000 0.050554 0.508062 0.441384
027000 0.000 0.052247 0.508831 0.438922
027100 0.000 0.051730 0.508374 0.439896
027200 0.000 0.051730 0.508374 0.439896
027300 0.000 0.051730 0.508374 0.439896
027400 0.000 0.051730 0.508374 0.439896
027500 0.000 0.051730 0.508374 0.439896
027600 0.000 0.051730 0.508374 0.439896
027700 0.000 0.051730 0.508374 0.439896
027800 0.000 0.051730 0.508374 0.439896
027900 0.000 0.051730 0.508374 0.439896
028000 0.000 0.051730 0.508374 0.439896
028100 0.000 0.051730 0.508374 0.439896
028200 0.000 0.051730 0.508374 0.439896
028300 0.000 0.051730 0.508374 0.439896
028400 0.000 0.051730 0.508374 0.439896
028500 0.000 0.051730 0.508374 0.439896
028600 0.000 0.051730 0.508374 0.439896
028700 0.000 0.051730 0.508374 0.439896
028800 0.000 0.051730 0.508374 0.439896
028900 0.000 0.051730 0.508374 0.439896
029000 0.000 0.051730 0.508374 0.439896
029100 0.000 0.051730 0.508374 0.439896
029200 0.000 0.051730 0.508374 0.439896
029300 0.000 0.051730 0.508374 0.439896
029400 0.000 0.051730 0.508374 0.439896
029500 0.000 0.051730 0.508374 0.439896
029600 0.000 0.051730 0.508374 0.439896
029700 0.000 0.051730 0.508374 0.439896
029800 0.000 0.051730 0.508374 0.439896
029900 0.000 0.051730 0.508374 0.439896
030000 0.000 0.051730 0.508374 0.439896
030100 0.000 0.051730 0.508374 0.439896
030200 0.000 0.051730 0.508374 0.439896
030300 0.000 0.051730 0.508374 0.439896
030400 0.000 0.051730 0.508374 0.439896
030500 0.000 0.051730 0.508374 0.439896
030600 0.000 0.051730 0.508374 0.439896
030700 0.000 0.051730 0.508374 0.439896
030800 0.000 0.051730 0.508374 0.439896
030900 0.000 0.051730 0.508374 0.439896
031000 0.000 0.051730 0.508374 0.439896
031100 0.000 0.051730 0.508374 0.439896
031200 0.000 0.051730 0.508374 0.439896
031300 0.000 0.051730 0.508374 0.439896
031400 0.000 0.051730 0.508374 0.439896
031500 0.000 0.051730 0.508374 0.439896
031600 0.000 0.051730 0.508374 0.439896
031700 0.000 0.051730 0.508374 0.439896
031800 0.000 0.051730 0.508374 0.439896
031900 0.000 0.051730 0.508374 0.439896
032000 0.000 0.051730 0.508374 0.439896
032100 0.000 0.051730 0.508374 0.439896
032200 0.000 0.051730 0.508374 0.439896
032300 0.000 0.051730 0.508374 0.439896
032400 0.000 0.051730 0.508374 0.439896
032500 0.000 0.051730 0.508374 0.439896
032600 0.000 0.051730 0.508374 0.439896
032700 0.000 0.051730 0.508374 0.439896
032800 0.000 0.051730 0.508374 0.439896
032900 0.000 0.051730 0.508374 0.439896
033000 0.000 0.051730 0.508374 0.439896
033100 0.000 0.051730 0.508374 0.439896
033200 0.000 0.051730 0.508374 0.439896
033300 0.000 0.051730 0.508374 0.439896
033400 0.000 0.051730 0.508374 0.439896
033500 0.000 0.051730 0.508374 0.439896
033600 0.000 0.051730 0.508374 0.439896
033700 0.000 0.051730 0.508374 0.439896
033800 0.000 0.051730 0.508374 0.439896
033900 0.000 0.051730 0.508374 0.439896
034000 0.000 0.051730 0.508374 0.439896
034100 0.000 0.051730 0.508374 0.439896
034200 0.000 0.051730 0.508374 0.439896
034300 0.000 0.051730 0.508374 0.439896
034400 0.000 0.051730 0.508374 0.439896
034500 0.000 0.051730 0.508374 0.439896
034600 0.000 0.051730 0.508374 0.439896
034700 0.000 0.051730 0.508374 0.439896
034800 0.000 0.051730 0.508374 0.439896
034900 0.000 0.051730 0.508374 0.439896
035000 0.000 0.051730 0.508374 0.439896
035100 0.000 0.051730 0.508374 0.439896
035200 0.000 0.051730 0.508374 0.439896
035300 0.000 0.051730 0.508374 0.439896
035400 0.000 0.051730 0.508374 0.439896
035500 0.000 0.051730 0.508374 0.439896
035600 0.000 0.051730 0.508374 0.439896
035700 0.000 0.051730 0.508374 0.439896
035800 0.000 0.051730 0.508374 0.439896
035900 0.000 0.051730 0.508374 0.439896
036000 0.000 0.051730 0.508374 0.439896
036100 0.000 0.051730 0.508374 0.439896
036200 0.000 0.051730 0.508374 0.439896
036300 0.000 0.051730 0.508374 0.439896
036400 0.000 0.051730 0.508374 0.439896
036500 0.000 0.051730 0.508374 0.439896
036600 0.000 0.051730 0.508374 0.439896
036700 0.000 0.051730 0.508374 0.439896
036800 0.000 0.051730 0.508374 0.439896
036900 0.000 0.051730 0.508374 0.439896
037000 0.000 0.051730 0.508374 0.439896
037100 0.000 0.051730 0.508374 0.439896
037200 0.000 0.051730 0.508374 0.439896
037300 0.000 0.051730 0.508374 0.439896
037400 0.000 0.051730 0.508374 0.439896
037500 0.000 0.051730 0.508374 0.439896
037600 0.000 0.051730 0.508374 0.439896
037700 0.000 0.051730 0.508374 0.439896
037800 0.000 0.051730 0.508374 0.439896
037900 0.000 0.051730 0.508374 0.439896
038000 0.000 0.051730 0.508374 0.439896
038100 0.000 0.051730 0.508374 0.439896
038200 0.000 0.051730 0.508374 0.439896
038300 0.000 0.051730 0.508374 0.439896
038400 0.000 0.051730 0.508374 0.439896
038500 0.000 0.051730 0.508374 0.439896
038600 0.000 0.051730 0.508374 0.439896
038700 0.000 0.051730 0.508374 0.439896
038800 0.000 0.051730 0.508374 0.439896
038900 0.000 0.051730 0.508374 0.439896
039000 0.000 0.051730 0.508374 0.439896
039100 0.000 0.051730 0.508374 0.439896
039200 0.000 0.051730 0.508374 0.439896
039300 0.000 0.051730 0.508374 0.439896
039400 0.000 0.051730 0.508374 0.439896
039500 0.000 0.051730 0.508374 0.439896
039600 0.000 0.051730 0.508374 0.439896
039700 0.000 0.051730 0.508374 0.439896
039800 0.000 0.051730 0.508374 0.439896
039900 0.000 0.051730 0.508374 0.439896
040000 0.000 0.051730 0.508374 0.439896
040100 0.000 0.051730 0.508374 0.439896
040200 0.000 0.051730 0.508374 0.439896
040300 0.000 0.051730 0.508374 0.439896
040400 0.000 0.051730 0.508374 0.439896
040500 0.000 0.051730 0.508374 0.439896
040600 0.000 0.051730 0.508374 0.439896
040700 0.000 0.051730 0.508374 0.439896
040800 0.000 0.051730 0.508374 0.439896
040900 0.000 0.051730 0.508374 0.439896
041000 0.000 0.051730 0.508374 0.439896
041100 0.000 0.051730 0.508374 0.439896
041200 0.000 0.051730 0.508374 0.439896
041300 0.000 0.051730 0.508374 0.439896
041400 0.000 0.051730 0.508374 0.439896
041500 0.000 0.051730 0.508374 0.439896
041600 0.000 0.051730 0.508374 0.439896
041700 0.000 0.051730 0.508374 0.439896
041800 0.000 0.051730 0.508374 0.439896
041900 0.000 0.051730 0.508374 0.439896
042000 0.000 0.051730 0.508374 0.439896
042100 0.000 0.051730 0.508374 0.439896
042200 0.000 0.051730 0.508374 0.439896
042300 0.000 0.051730 0.508374 0.439896
042400 0.000 0.051730 0.508374 0.439896
042500 0.000 0.051730 0.508374 0.439896
042600 0.000 0.051730 0.508374 0.439896
042700 0.000 0.051730 0.508374 0.439896
042800 0.000 0.051730 0.508374 0.439896
042900 0.000 0.051730 0.508374 0.439896
043000 0.000 0.051730 0.508374 0.439896
043100 0.000 0.051730 0.508374 0.439896
043200 0.000 0.051730 0.508374 0.439896
043300 0.000 0.051730 0.508374 0.439896
043400 0.000 0.051730 0.508374 0.439896
043500 0.000 0.051730 0.508374 0.439896
043600 0.000 0.051730 0.508374 0.439896
043700 0.000 0.051730 0.508374 0.439896
043800 0.000 0.051730 0.508374 0.439896
043900 0.000 0.051730 0.508374 0.439896
044000 0.000 0.051730 0.508374 0.439896
044100 0.000 0.051730 0.508374 0.439896
044200 0.000 0.051730 0.508374 0.439896
044300 0.000 0.051730 0.508374 0.439896
044400 0.000 0.051730 0.508374 0.439896
044500 0.000 0.051730 0.508374 0.439896
044600 0.000 0.051730 0.508374 0.439896
044700 0.000 0.051730 0.508374 0.439896
044800 0.000 0.051730 0.508374 0.439896
044900 0.000 0.051730 0.508374 0.439896
045000 0.000 0.051730 0.508374 0.439896
045100 0.000 0.051730 0.508374 0.439896
045200 0.000 0.051730 0.508374 0.439896
045300 0.000 0.051730 0.508374 0.439896
045400 0.000 0.051730 0.508374 0.439896
045500 0.000 0.051730 0.508374 0.439896
045600 0.000 0.051730 0.508374 0.439896
045700 0.000 0.051730 0.508374 0.439896
045800 0.000 0.051730 0.508374 0.439896
045900 0.000 0.051730 0.508374 0.439896
046000 0.000 0.051730 0.508374 0.439896
046100 0.000 0.051730 0.508374 0.439896
046200 0.000 0.051730 0.508374 0.439896
046300 0.000 0.051730 0.508374 0.439896
046400 0.000 0.051730 0.508374 0.439896
046500 0.000 0.051730 0.508374 0.439896
046600 0.000 0.051730 0.508374 0.439896
046700 0.000 0.051730 0.508374 0.439896
046800 0.000 0.051730 0.508374 0.439896
046900 0.000 0.051730 0.508374 0.439896
047000 0.000 0.051730 0.508374 0.439896
047100 0.000 0.051730 0.508374 0.439896
047200 0.000 0.051730 0.508374 0.439896
047300 0.000 0.051730 0.508374 0.439896
047400 0.000 0.051730 0.508374 0.439896
047500 0.000 0.051730 0.508374 0.439896
047600 0.000 0.051730 0.508374 0.439896
047700 0.000 0.051730 0.508374 0.439896
047800 0.000 0.051730 0.508374 0.439896
047900 0.000 0.051730 0.508374 0.439896
048000 0.000 0.051730 0.508374 0.439896
048100 0.000 0.051730 0.508374 0.439896
048200 0.000 0.051730 0.508374 0.439896
048300 0.000 0.051730 0.508374 0.439896
048400 0.000 0.051730 0.508374 0.439896
048500 0.000 0.051730 0.508374 0.439896
048600 0.000 0.051730 0.508374 0.439896
048700 0.000 0.051730 0.508374 0.439896
048800 0.000 0.051730 0.508374 0.439896
048900 0.000 0.051730 0.508374 0.439896
049000 0.000 0.051730 0.508374 0.439896
049100 0.000 0.051730 0.508374 0.439896
049200 0.000 0.051730 0.508374 0.439896
049300 0.000 0.051730 0.508374 0.439896
049400 0.000 0.051730 0.508374 0.439896
049500 0.000 0.051730 0.508374 0.439896
049600 0.000 0.051730 0.508374 0.439896
049700 0.000 0.051730 0.508374 0.439896
049800 0.000 0.051730 0.508374 0.439896
049900 0.000 0.051730 0.508374 0.439896
050000 0.000 0.051730 0.508374 0.439896
