000000 0.255 0.235000 0.247500 0.262500
000100 0.384 0.084757 0.238246 0.292581
000200 0.427 0.032115 0.224508 0.316337
000300 0.430 0.019305 0.210917 0.339942
000400 0.426 0.015338 0.198813 0.360135
000500 0.421 0.015780 0.185759 0.377239
000600 0.415 0.016495 0.176293 0.392522
000700 0.406 0.017587 0.166710 0.409376
000800 0.396 0.017568 0.162315 0.424308
000900 0.382 0.018668 0.160165 0.439121
001000 0.366 0.019465 0.158304 0.455978
001100 0.349 0.020190 0.156864 0.474410
001200 0.332 0.020515 0.154393 0.493303
001300 0.312 0.021024 0.153615 0.513122
001400 0.293 0.022731 0.152495 0.532160
001500 0.276 0.023335 0.153575 0.547102
001600 0.260 0.024645 0.154567 0.560882
001700 0.245 0.024938 0.153883 0.576013
001800 0.233 0.025833 0.153527 0.587692
001900 0.224 0.026760 0.152801 0.596864
002000 0.215 0.027664 0.154222 0.603359
002100 0.208 0.027746 0.153193 0.611100
002200 0.200 0.028685 0.154706 0.616886
002300 0.192 0.030013 0.154242 0.624042
002400 0.187 0.030929 0.154740 0.626985
002500 0.185 0.030138 0.154551 0.629867
002600 0.181 0.029299 0.154719 0.634909
002700 0.179 0.030973 0.156168 0.634199
002800 0.178 0.030343 0.155470 0.636265
002900 0.176 0.030742 0.154478 0.638539
003000 0.174 0.030427 0.156635 0.639068
003100 0.173 0.028832 0.156703 0.641597
003200 0.171 0.028470 0.154763 0.645737
003300 0.170 0.029336 0.158282 0.641971
003400 0.170 0.028764 0.158009 0.643479
003500 0.169 0.028600 0.160070 0.642578
003600 0.167 0.029318 0.157612 0.645918
003700 0.165 0.029431 0.158378 0.646783
003800 0.164 0.030035 0.157735 0.648033
003900 0.162 0.029530 0.159089 0.649216
004000 0.160 0.029162 0.160153 0.651062
004100 0.156 0.029501 0.159274 0.654751
004200 0.155 0.029983 0.158946 0.656490
004300 0.152 0.031580 0.159152 0.657478
004400 0.151 0.031345 0.157282 0.660183
004500 0.152 0.030118 0.157079 0.660692
004600 0.153 0.028960 0.157555 0.659985
004700 0.152 0.029330 0.156554 0.661814
004800 0.151 0.028401 0.155067 0.665456
004900 0.150 0.028283 0.157211 0.664119
005000 0.150 0.028667 0.158695 0.662294
005100 0.151 0.028569 0.156530 0.664325
005200 0.149 0.029426 0.151422 0.670123
005300 0.151 0.029322 0.152253 0.667454
005400 0.154 0.028190 0.155735 0.661665
005500 0.155 0.027300 0.157600 0.659649
005600 0.155 0.028256 0.155294 0.661122
005700 0.156 0.027843 0.156835 0.659685
005800 0.155 0.026905 0.157047 0.660744
005900 0.155 0.027765 0.155165 0.661919
006000 0.155 0.027957 0.153399 0.663303
006100 0.156 0.027535 0.153150 0.663238
006200 0.156 0.028372 0.154091 0.661195
006300 0.158 0.028630 0.154121 0.659315
006400 0.159 0.026394 0.153008 0.661969
006500 0.157 0.027369 0.154936 0.660861
006600 0.157 0.026544 0.154987 0.661528
006700 0.158 0.027681 0.152384 0.662386
006800 0.157 0.028424 0.152156 0.662764
006900 0.157 0.028373 0.152658 0.662062
007000 0.157 0.028362 0.153543 0.660952
007100 0.156 0.028664 0.153926 0.661410
007200 0.155 0.028093 0.154399 0.662302
007300 0.155 0.029008 0.155539 0.660307
007400 0.155 0.028597 0.155347 0.660688
007500 0.154 0.029386 0.154799 0.661347
007600 0.155 0.028747 0.154254 0.662135
007700 0.156 0.028255 0.152767 0.663030
007800 0.155 0.028615 0.151731 0.664569
007900 0.156 0.027499 0.150467 0.666158
008000 0.156 0.026830 0.152020 0.665105
008100 0.156 0.025711 0.149467 0.668628
008200 0.154 0.026431 0.150131 0.669246
008300 0.155 0.026792 0.151512 0.667182
008400 0.156 0.026864 0.152569 0.664491
008500 0.158 0.027651 0.151381 0.662790
008600 0.157 0.026972 0.151708 0.664219
008700 0.156 0.027313 0.150803 0.666117
008800 0.154 0.027279 0.151992 0.666247
008900 0.153 0.026906 0.150586 0.669067
009000 0.152 0.028459 0.149560 0.670046
009100 0.151 0.028692 0.148608 0.671350
009200 0.152 0.028172 0.149151 0.670989
009300 0.153 0.028302 0.149571 0.669324
009400 0.152 0.028726 0.149849 0.669208
009500 0.152 0.029468 0.150019 0.668544
009600 0.153 0.029393 0.148030 0.669993
009700 0.153 0.028178 0.151342 0.667162
009800 0.153 0.028641 0.152453 0.666065
009900 0.152 0.028501 0.154518 0.665083
010000 0.152 0.030072 0.153306 0.664349
010100 0.152 0.030271 0.151648 0.666574
010200 0.151 0.030308 0.153167 0.665381
010300 0.151 0.029486 0.155443 0.664442
010400 0.150 0.031249 0.157869 0.660770
010500 0.151 0.029892 0.161030 0.658328
010600 0.149 0.030135 0.160963 0.659408
010700 0.149 0.030253 0.160924 0.659976
010800 0.150 0.029721 0.161402 0.659303
010900 0.149 0.030465 0.162155 0.658488
011000 0.149 0.030583 0.161992 0.658336
011100 0.150 0.031746 0.160673 0.657777
011200 0.148 0.031885 0.162627 0.657158
011300 0.147 0.030928 0.161992 0.659767
011400 0.146 0.031219 0.160542 0.662243
011500 0.144 0.030439 0.162339 0.662817
011600 0.143 0.029996 0.163852 0.663583
011700 0.142 0.029942 0.163172 0.664556
011800 0.142 0.030887 0.165394 0.661356
011900 0.142 0.030330 0.165060 0.662156
012000 0.143 0.030033 0.166433 0.660483
012100 0.142 0.030067 0.165256 0.662773
012200 0.141 0.029609 0.167758 0.661534
012300 0.141 0.030942 0.168842 0.659547
012400 0.142 0.030056 0.170223 0.657641
012500 0.143 0.029940 0.168394 0.658844
012600 0.143 0.029627 0.167526 0.659440
012700 0.145 0.029486 0.167592 0.658235
012800 0.145 0.029096 0.169298 0.656471
012900 0.144 0.028758 0.166735 0.660480
013000 0.145 0.027824 0.168561 0.658815
013100 0.146 0.028871 0.170358 0.654774
013200 0.147 0.027970 0.169876 0.655233
013300 0.148 0.026749 0.171759 0.653822
013400 0.148 0.026712 0.168997 0.656713
013500 0.147 0.028711 0.166969 0.656943
013600 0.147 0.027408 0.165572 0.659586
013700 0.148 0.027413 0.165435 0.658826
013800 0.148 0.028324 0.165573 0.657716
013900 0.148 0.028550 0.163547 0.659733
014000 0.147 0.027856 0.166479 0.658205
014100 0.148 0.028542 0.167729 0.655718
014200 0.148 0.029760 0.168425 0.653437
014300 0.148 0.029590 0.169790 0.653092
014400 0.147 0.029948 0.169879 0.653336
014500 0.149 0.029888 0.169676 0.651675
014600 0.149 0.031417 0.167244 0.652647
014700 0.150 0.030010 0.168813 0.651016
014800 0.150 0.028284 0.170440 0.651372
014900 0.150 0.028230 0.171952 0.649476
015000 0.151 0.026812 0.173313 0.648892
015100 0.150 0.026962 0.174833 0.648182
015200 0.150 0.026048 0.176074 0.648124
015300 0.148 0.027463 0.175493 0.648924
015400 0.147 0.026768 0.176715 0.649265
015500 0.147 0.027025 0.177018 0.648998
015600 0.148 0.027975 0.177283 0.646549
015700 0.148 0.028617 0.177324 0.646181
015800 0.148 0.028392 0.177934 0.646039
015900 0.148 0.026988 0.176015 0.648829
016000 0.149 0.027834 0.175191 0.647849
016100 0.151 0.026968 0.177273 0.644998
016200 0.151 0.026495 0.178475 0.644235
016300 0.151 0.027259 0.180067 0.642132
016400 0.150 0.026714 0.179705 0.643757
016500 0.150 0.026403 0.178458 0.645366
016600 0.149 0.027626 0.177347 0.646437
016700 0.149 0.027142 0.178485 0.645607
016800 0.147 0.026212 0.177044 0.649273
016900 0.146 0.025935 0.176813 0.651239
017000 0.143 0.027208 0.178999 0.650547
017100 0.142 0.027226 0.179615 0.650997
017200 0.141 0.027854 0.182687 0.648422
017300 0.139 0.026661 0.181823 0.652252
017400 0.137 0.027799 0.182218 0.652732
017500 0.134 0.027287 0.182168 0.656067
017600 0.133 0.026969 0.183576 0.656646
017700 0.132 0.027459 0.183330 0.657677
017800 0.131 0.027543 0.184188 0.657766
017900 0.129 0.026280 0.183613 0.660736
018000 0.128 0.026707 0.182212 0.663016
018100 0.129 0.026537 0.182576 0.662313
018200 0.128 0.027447 0.184205 0.660043
018300 0.128 0.027074 0.187557 0.657739
018400 0.128 0.026232 0.187592 0.658601
018500 0.126 0.027124 0.188715 0.657731
018600 0.126 0.026969 0.188801 0.658611
018700 0.125 0.027292 0.189503 0.658302
018800 0.125 0.028976 0.190963 0.655116
018900 0.125 0.029302 0.189576 0.656508
019000 0.125 0.029059 0.191358 0.654733
019100 0.125 0.029683 0.189708 0.655484
019200 0.125 0.030197 0.188569 0.656467
019300 0.125 0.029574 0.189160 0.655967
019400 0.126 0.029910 0.188994 0.655457
019500 0.126 0.029082 0.189326 0.655828
019600 0.127 0.028297 0.186264 0.658566
019700 0.126 0.028026 0.188676 0.657172
019800 0.126 0.028558 0.186806 0.659127
019900 0.124 0.027656 0.186976 0.661085
020000 0.124 0.028372 0.186424 0.661188
020100 0.123 0.028206 0.187322 0.661823
020200 0.122 0.027857 0.189479 0.660825
020300 0.121 0.028003 0.185095 0.665485
020400 0.121 0.028328 0.184658 0.665731
020500 0.122 0.026986 0.184670 0.666475
020600 0.121 0.026786 0.185324 0.667128
020700 0.120 0.027818 0.182528 0.669410
020800 0.120 0.028122 0.181546 0.670419
020900 0.119 0.028886 0.178885 0.673649
021000 0.119 0.028110 0.177603 0.675526
021100 0.119 0.026510 0.175526 0.679419
021200 0.118 0.028164 0.176706 0.677168
021300 0.119 0.027135 0.179340 0.674569
021400 0.119 0.027897 0.180797 0.672287
021500 0.118 0.028034 0.179848 0.673841
021600 0.118 0.028494 0.182819 0.670670
021700 0.118 0.027933 0.184225 0.669708
021800 0.118 0.026967 0.184381 0.670451
021900 0.118 0.028057 0.183440 0.670455
022000 0.118 0.027234 0.181698 0.672944
022100 0.118 0.027297 0.180088 0.674641
022200 0.117 0.028352 0.177319 0.677152
022300 0.115 0.027259 0.176781 0.680590
022400 0.114 0.027775 0.173702 0.684335
022500 0.114 0.027233 0.173237 0.685970
022600 0.113 0.027903 0.174112 0.684958
022700 0.113 0.027797 0.173549 0.685267
022800 0.112 0.027713 0.173399 0.686866
022900 0.112 0.027426 0.174042 0.686896
023000 0.112 0.027615 0.174967 0.685631
023100 0.110 0.027739 0.177115 0.684827
023200 0.110 0.028323 0.176422 0.685348
023300 0.109 0.028692 0.176763 0.685214
023400 0.110 0.027726 0.178435 0.683827
023500 0.110 0.026190 0.179269 0.684871
023600 0.108 0.026287 0.177951 0.687697
023700 0.107 0.025592 0.180267 0.687093
023800 0.106 0.025955 0.183183 0.684801
023900 0.104 0.025303 0.184747 0.685466
024000 0.104 0.024989 0.183842 0.686948
024100 0.104 0.024744 0.182383 0.688567
024200 0.105 0.024194 0.184104 0.687097
024300 0.104 0.023845 0.185848 0.686106
024400 0.104 0.023319 0.187964 0.684924
024500 0.104 0.023478 0.186149 0.686494
024600 0.104 0.022812 0.185097 0.687781
024700 0.104 0.022510 0.183370 0.689976
024800 0.104 0.021784 0.184071 0.689760
024900 0.104 0.021043 0.181856 0.693185
025000 0.103 0.022172 0.180925 0.693701
025100 0.103 0.021849 0.181219 0.693819
025200 0.103 0.023010 0.182751 0.690996
025300 0.103 0.022341 0.183164 0.691878
025400 0.103 0.022244 0.181744 0.693422
025500 0.102 0.022472 0.181199 0.694049
025600 0.103 0.022144 0.181065 0.694197
025700 0.102 0.022213 0.180827 0.695343
025800 0.101 0.022097 0.182141 0.694944
025900 0.101 0.022097 0.182141 0.694944
026000 0.101 0.022097 0.182141 0.694944
026100 0.101 0.022097 0.182141 0.694944
026200 0.101 0.022097 0.182141 0.694944
026300 0.101 0.022097 0.182141 0.694944
026400 0.101 0.022097 0.182141 0.694944
026500 0.101 0.022097 0.182141 0.694944
026600 0.101 0.022097 0.182141 0.694944
026700 0.101 0.022097 0.182141 0.694944
026800 0.101 0.022097 0.182141 0.694944
026900 0.101 0.022097 0.182141 0.694944
027000 0.101 0.022097 0.182141 0.694944
027100 0.101 0.022097 0.182141 0.694944
027200 0.101 0.022097 0.182141 0.694944
027300 0.101 0.022097 0.182141 0.694944
027400 0.101 0.022097 0.182141 0.694944
027500 0.101 0.022097 0.182141 0.694944
027600 0.101 0.022097 0.182141 0.694944
027700 0.101 0.022097 0.182141 0.694944
027800 0.101 0.022097 0.182141 0.694944
027900 0.101 0.022097 0.182141 0.694944
028000 0.101 0.022097 0.182141 0.694944
028100 0.101 0.022097 0.182141 0.694944
028200 0.101 0.022097 0.182141 0.694944
028300 0.101 0.022097 0.182141 0.694944
028400 0.101 0.022097 0.182141 0.694944
028500 0.101 0.022097 0.182141 0.694944
028600 0.101 0.022097 0.182141 0.694944
028700 0.101 0.022097 0.182141 0.694944
028800 0.101 0.022097 0.182141 0.694944
028900 0.101 0.022097 0.182141 0.694944
029000 0.101 0.022097 0.182141 0.694944
029100 0.101 0.022097 0.182141 0.694944
029200 0.101 0.022097 0.182141 0.694944
029300 0.101 0.022097 0.182141 0.694944
029400 0.101 0.022097 0.182141 0.694944
029500 0.101 0.022097 0.182141 0.694944
029600 0.101 0.022097 0.182141 0.694944
029700 0.101 0.022097 0.182141 0.694944
029800 0.101 0.022097 0.182141 0.694944
029900 0.101 0.022097 0.182141 0.694944
030000 0.101 0.022097 0.182141 0.694944
030100 0.101 0.022097 0.182141 0.694944
030200 0.101 0.022097 0.182141 0.694944
030300 0.101 0.022097 0.182141 0.694944
030400 0.101 0.022097 0.182141 0.694944
030500 0.101 0.022097 0.182141 0.694944
030600 0.101 0.022097 0.182141 0.694944
030700 0.101 0.022097 0.182141 0.694944
030800 0.101 0.022097 0.182141 0.694944
030900 0.101 0.022097 0.182141 0.694944
031000 0.101 0.022097 0.182141 0.694944
031100 0.101 0.022097 0.182141 0.694944
031200 0.101 0.022097 0.182141 0.694944
031300 0.101 0.022097 0.182141 0.694944
031400 0.101 0.022097 0.182141 0.694944
031500 0.101 0.022097 0.182141 0.694944
031600 0.101 0.022097 0.182141 0.694944
031700 0.101 0.022097 0.182141 0.694944
031800 0.101 0.022097 0.182141 0.694944
031900 0.101 0.022097 0.182141 0.694944
032000 0.101 0.022097 0.182141 0.694944
032100 0.101 0.022097 0.182141 0.694944
032200 0.101 0.022097 0.182141 0.694944
032300 0.101 0.022097 0.182141 0.694944
032400 0.101 0.022097 0.182141 0.694944
032500 0.101 0.022097 0.182141 0.694944
032600 0.101 0.022097 0.182141 0.694944
032700 0.101 0.022097 0.182141 0.694944
032800 0.101 0.022097 0.182141 0.694944
032900 0.101 0.022097 0.182141 0.694944
033000 0.101 0.022097 0.182141 0.694944
033100 0.101 0.022097 0.182141 0.694944
033200 0.101 0.022097 0.182141 0.694944
033300 0.101 0.022097 0.182141 0.694944
033400 0.101 0.022097 0.182141 0.694944
033500 0.101 0.022097 0.182141 0.694944
033600 0.101 0.022097 0.182141 0.694944
033700 0.101 0.022097 0.182141 0.694944
033800 0.101 0.022097 0.182141 0.694944
033900 0.101 0.022097 0.182141 0.694944
034000 0.101 0.022097 0.182141 0.694944
034100 0.101 0.022097 0.182141 0.694944
034200 0.101 0.022097 0.182141 0.694944
034300 0.101 0.022097 0.182141 0.694944
034400 0.101 0.022097 0.182141 0.694944
034500 0.101 0.022097 0.182141 0.694944
034600 0.101 0.022097 0.182141 0.694944
034700 0.101 0.022097 0.182141 0.694944
034800 0.101 0.022097 0.182141 0.694944
034900 0.101 0.022097 0.182141 0.694944
035000 0.101 0.022097 0.182141 0.694944
035100 0.101 0.022097 0.182141 0.694944
035200 0.101 0.022097 0.182141 0.694944
035300 0.101 0.022097 0.182141 0.694944
035400 0.101 0.022097 0.182141 0.694944
035500 0.101 0.022097 0.182141 0.694944
035600 0.101 0.022097 0.182141 0.694944
035700 0.101 0.022097 0.182141 0.694944
035800 0.101 0.022097 0.182141 0.694944
035900 0.101 0.022097 0.182141 0.694944
036000 0.101 0.022097 0.182141 0.694944
036100 0.101 0.022097 0.182141 0.694944
036200 0.101 0.022097 0.182141 0.694944
036300 0.101 0.022097 0.182141 0.694944
036400 0.101 0.022097 0.182141 0.694944
036500 0.101 0.022097 0.182141 0.694944
036600 0.101 0.022097 0.182141 0.694944
036700 0.101 0.022097 0.182141 0.694944
036800 0.101 0.022097 0.182141 0.694944
036900 0.101 0.022097 0.182141 0.694944
037000 0.101 0.022097 0.182141 0.694944
037100 0.101 0.022097 0.182141 0.694944
037200 0.101 0.022097 0.182141 0.694944
037300 0.101 0.022097 0.182141 0.694944
037400 0.101 0.022097 0.182141 0.694944
037500 0.101 0.022097 0.182141 0.694944
037600 0.101 0.022097 0.182141 0.694944
037700 0.101 0.022097 0.182141 0.694944
037800 0.101 0.022097 0.182141 0.694944
037900 0.101 0.022097 0.182141 0.694944
038000 0.101 0.022097 0.182141 0.694944
038100 0.101 0.022097 0.182141 0.694944
038200 0.101 0.022097 0.182141 0.694944
038300 0.101 0.022097 0.182141 0.694944
038400 0.101 0.022097 0.182141 0.694944
038500 0.101 0.022097 0.182141 0.694944
038600 0.101 0.022097 0.182141 0.694944
038700 0.101 0.022097 0.182141 0.694944
038800 0.101 0.022097 0.182141 0.694944
038900 0.101 0.022097 0.182141 0.694944
039000 0.101 0.022097 0.182141 0.694944
039100 0.101 0.022097 0.182141 0.694944
039200 0.101 0.022097 0.182141 0.694944
039300 0.101 0.022097 0.182141 0.694944
039400 0.101 0.022097 0.182141 0.694944
039500 0.101 0.022097 0.182141 0.694944
039600 0.101 0.022097 0.182141 0.694944
039700 0.101 0.022097 0.182141 0.694944
039800 0.101 0.022097 0.182141 0.694944
039900 0.101 0.022097 0.182141 0.694944
040000 0.101 0.022097 0.182141 0.694944
040100 0.101 0.022097 0.182141 0.694944
040200 0.101 0.022097 0.182141 0.694944
040300 0.101 0.022097 0.182141 0.694944
040400 0.101 0.022097 0.182141 0.694944
040500 0.101 0.022097 0.182141 0.694944
040600 0.101 0.022097 0.182141 0.694944
040700 0.101 0.022097 0.182141 0.694944
040800 0.101 0.022097 0.182141 0.694944
040900 0.101 0.022097 0.182141 0.694944
041000 0.101 0.022097 0.182141 0.694944
041100 0.101 0.022097 0.182141 0.694944
041200 0.101 0.022097 0.182141 0.694944
041300 0.101 0.022097 0.182141 0.694944
041400 0.101 0.022097 0.182141 0.694944
041500 0.101 0.022097 0.182141 0.694944
041600 0.101 0.022097 0.182141 0.694944
041700 0.101 0.022097 0.182141 0.694944
041800 0.101 0.022097 0.182141 0.694944
041900 0.101 0.022097 0.182141 0.694944
042000 0.101 0.022097 0.182141 0.694944
042100 0.101 0.022097 0.182141 0.694944
042200 0.101 0.022097 0.182141 0.694944
042300 0.101 0.022097 0.182141 0.694944
042400 0.101 0.022097 0.182141 0.694944
042500 0.101 0.022097 0.182141 0.694944
042600 0.101 0.022097 0.182141 0.694944
042700 0.101 0.022097 0.182141 0.694944
042800 0.101 0.022097 0.182141 0.694944
042900 0.101 0.022097 0.182141 0.694944
043000 0.101 0.022097 0.182141 0.694944
043100 0.101 0.022097 0.182141 0.694944
043200 0.101 0.022097 0.182141 0.694944
043300 0.101 0.022097 0.182141 0.694944
043400 0.101 0.022097 0.182141 0.694944
043500 0.101 0.022097 0.182141 0.694944
043600 0.101 0.022097 0.182141 0.694944
043700 0.101 0.022097 0.182141 0.694944
043800 0.101 0.022097 0.182141 0.694944
043900 0.101 0.022097 0.182141 0.694944
044000 0.101 0.022097 0.182141 0.694944
044100 0.101 0.022097 0.182141 0.694944
044200 0.101 0.022097 0.182141 0.694944
044300 0.101 0.022097 0.182141 0.694944
044400 0.101 0.022097 0.182141 0.694944
044500 0.101 0.022097 0.182141 0.694944
044600 0.101 0.022097 0.182141 0.694944
044700 0.101 0.022097 0.182141 0.694944
044800 0.101 0.022097 0.182141 0.694944
044900 0.101 0.022097 0.182141 0.694944
045000 0.101 0.022097 0.182141 0.694944
045100 0.101 0.022097 0.182141 0.694944
045200 0.101 0.022097 0.182141 0.694944
045300 0.101 0.022097 0.182141 0.694944
045400 0.101 0.022097 0.182141 0.694944
045500 0.101 0.022097 0.182141 0.694944
045600 0.101 0.022097 0.182141 0.694944
045700 0.101 0.022097 0.182141 0.694944
045800 0.101 0.022097 0.182141 0.694944
045900 0.101 0.022097 0.182141 0.694944
046000 0.101 0.022097 0.182141 0.694944
046100 0.101 0.022097 0.182141 0.694944
046200 0.101 0.022097 0.182141 0.694944
046300 0.101 0.022097 0.182141 0.694944
046400 0.101 0.022097 0.182141 0.694944
046500 0.101 0.022097 0.182141 0.694944
046600 0.101 0.022097 0.182141 0.694944
046700 0.101 0.022097 0.182141 0.694944
046800 0.101 0.022097 0.182141 0.694944
046900 0.101 0.022097 0.182141 0.694944
047000 0.101 0.022097 0.182141 0.694944
047100 0.101 0.022097 0.182141 0.694944
047200 0.101 0.022097 0.182141 0.694944
047300 0.101 0.022097 0.182141 0.694944
047400 0.101 0.022097 0.182141 0.694944
047500 0.101 0.022097 0.182141 0.694944
047600 0.101 0.022097 0.182141 0.694944
047700 0.101 0.022097 0.182141 0.694944
047800 0.101 0.022097 0.182141 0.694944
047900 0.101 0.022097 0.182141 0.694944
048000 0.101 0.022097 0.182141 0.694944
048100 0.101 0.022097 0.182141 0.694944
048200 0.101 0.022097 0.182141 0.694944
048300 0.101 0.022097 0.182141 0.694944
048400 0.101 0.022097 0.182141 0.694944
048500 0.101 0.022097 0.182141 0.694944
048600 0.101 0.022097 0.182141 0.694944
048700 0.101 0.022097 0.182141 0.694944
048800 0.101 0.022097 0.182141 0.694944
048900 0.101 0.022097 0.182141 0.694944
049000 0.101 0.022097 0.182141 0.694944
049100 0.101 0.022097 0.182141 0.694944
049200 0.101 0.022097 0.182141 0.694944
049300 0.101 0.022097 0.182141 0.694944
049400 0.101 0.022097 0.182141 0.694944
049500 0.101 0.022097 0.182141 0.694944
049600 0.101 0.022097 0.182141 0.694944
049700 0.101 0.022097 0.182141 0.694944
049800 0.101 0.022097 0.182141 0.694944
049900 0.101 0.022097 0.182141 0.694944
050000 0.101 0.022097 0.182141 0.694944
