000000 0.210 0.222500 0.302500 0.265000
000100 0.259 0.117162 0.319558 0.304251
000200 0.258 0.067323 0.334545 0.339819
000300 0.233 0.048933 0.353940 0.364500
000400 0.206 0.044330 0.369138 0.380631
000500 0.179 0.042329 0.384765 0.394394
000600 0.152 0.041138 0.401402 0.405811
000700 0.125 0.040806 0.415590 0.419076
000800 0.100 0.041644 0.431015 0.427353
000900 0.079 0.042109 0.443699 0.434733
001000 0.061 0.040933 0.454559 0.443676
001100 0.046 0.041965 0.462590 0.449285
001200 0.035 0.040249 0.469642 0.455266
001300 0.025 0.039536 0.474287 0.460680
001400 0.020 0.038098 0.480299 0.461817
001500 0.015 0.038216 0.481890 0.464568
001600 0.011 0.038248 0.483410 0.466894
001700 0.009 0.038344 0.483899 0.468695
001800 0.008 0.040084 0.482981 0.469326
001900 0.006 0.040623 0.483932 0.469285
002000 0.005 0.039353 0.485676 0.470025
002100 0.004 0.039001 0.485657 0.471224
002200 0.004 0.038395 0.482422 0.475531
002300 0.003 0.038347 0.485568 0.473274
002400 0.002 0.039387 0.488269 0.470017
002500 0.002 0.039585 0.491108 0.466944
002600 0.002 0.038180 0.494258 0.465790
002700 0.001 0.039341 0.493197 0.466350
002800 0.001 0.039128 0.494909 0.465038
002900 0.001 0.040074 0.491667 0.467416
003000 0.001 0.040462 0.491469 0.467325
003100 0.001 0.039908 0.491538 0.468001
003200 0.000 0.039413 0.490344 0.469964
003300 0.000 0.039563 0.491325 0.468930
003400 0.000 0.039084 0.493791 0.466863
003500 0.000 0.038997 0.492903 0.467904
003600 0.000 0.038683 0.490019 0.471201
003700 0.000 0.039393 0.490359 0.470222
003800 0.000 0.039340 0.491235 0.469425
003900 0.000 0.040228 0.493961 0.465811
004000 0.000 0.040374 0.497283 0.462343
004100 0.000 0.041354 0.497316 0.461330
004200 0.000 0.041506 0.495201 0.463294
004300 0.000 0.041369 0.497335 0.461296
004400 0.000 0.039842 0.498744 0.461415
004500 0.000 0.040899 0.497147 0.461955
004600 0.000 0.040617 0.497815 0.461568
004700 0.000 0.041050 0.496673 0.462277
004800 0.000 0.041555 0.496937 0.461508
004900 0.000 0.040680 0.496665 0.462656
005000 0.000 0.042044 0.496931 0.461026
005100 0.000 0.041864 0.496889 0.461247
005200 0.000 0.041010 0.498631 0.460358
005300 0.000 0.040928 0.496434 0.462637
005400 0.000 0.040925 0.495132 0.463943
005500 0.000 0.041126 0.493805 0.465069
005600 0.000 0.039158 0.494958 0.465885
005700 0.000 0.038952 0.495031 0.466017
005800 0.000 0.038299 0.495515 0.466186
005900 0.000 0.037669 0.493301 0.469030
006000 0.000 0.036617 0.496145 0.467238
006100 0.000 0.037205 0.494405 0.468390
006200 0.000 0.037285 0.496222 0.466493
006300 0.000 0.036278 0.498214 0.465508
006400 0.000 0.036847 0.500067 0.463086
006500 0.000 0.036379 0.500651 0.462970
006600 0.000 0.037110 0.503710 0.459180
006700 0.000 0.038140 0.499881 0.461979
006800 0.000 0.038290 0.498391 0.463319
006900 0.000 0.038505 0.499140 0.462356
007000 0.000 0.038620 0.497654 0.463726
007100 0.000 0.038847 0.494980 0.466174
007200 0.000 0.039583 0.492476 0.467940
007300 0.000 0.039763 0.490679 0.469558
007400 0.000 0.039983 0.487051 0.472967
007500 0.000 0.040114 0.486876 0.473010
007600 0.000 0.039010 0.486481 0.474510
007700 0.000 0.036617 0.487899 0.475484
007800 0.000 0.035272 0.490613 0.474116
007900 0.000 0.035502 0.488120 0.476378
008000 0.000 0.034641 0.491102 0.474257
008100 0.000 0.034898 0.494230 0.470872
008200 0.000 0.033917 0.496140 0.469944
008300 0.000 0.034222 0.496842 0.468936
008400 0.000 0.034635 0.494575 0.470790
008500 0.000 0.035274 0.491976 0.472750
008600 0.000 0.035923 0.489291 0.474786
008700 0.000 0.034344 0.492247 0.473409
008800 0.000 0.034805 0.492278 0.472917
008900 0.000 0.035622 0.490600 0.473778
009000 0.000 0.035118 0.491850 0.473032
009100 0.000 0.034717 0.495498 0.469785
009200 0.000 0.034662 0.495825 0.469512
009300 0.000 0.034669 0.494065 0.471267
009400 0.000 0.035219 0.493672 0.471110
009500 0.000 0.035361 0.490672 0.473967
009600 0.000 0.036987 0.489169 0.473844
009700 0.000 0.036765 0.488866 0.474369
009800 0.000 0.035915 0.488679 0.475406
009900 0.000 0.036561 0.493242 0.470197
010000 0.000 0.037355 0.493035 0.469610
010100 0.000 0.038230 0.490571 0.471199
010200 0.000 0.034923 0.495797 0.469281
010300 0.000 0.034254 0.492569 0.473176
010400 0.000 0.033346 0.495035 0.471619
010500 0.000 0.034450 0.493876 0.471674
010600 0.000 0.034020 0.493563 0.472417
010700 0.000 0.033226 0.496322 0.470451
010800 0.000 0.034224 0.489740 0.476036
010900 0.000 0.031914 0.489661 0.478425
011000 0.000 0.032166 0.492184 0.475650
011100 0.000 0.031601 0.495293 0.473106
011200 0.000 0.030651 0.497760 0.471589
011300 0.000 0.030321 0.493454 0.476225
011400 0.000 0.030667 0.492439 0.476894
011500 0.000 0.031658 0.491389 0.476953
011600 0.000 0.032459 0.492095 0.475446
011700 0.000 0.031963 0.491014 0.477023
011800 0.000 0.031681 0.492077 0.476242
011900 0.000 0.032238 0.489610 0.478153
012000 0.000 0.034597 0.484774 0.480628
012100 0.000 0.034456 0.486606 0.478938
012200 0.000 0.034196 0.491378 0.474426
012300 0.000 0.033535 0.490567 0.475898
012400 0.000 0.033167 0.490189 0.476644
012500 0.000 0.032444 0.487935 0.479621
012600 0.000 0.033120 0.492080 0.474800
012700 0.000 0.033347 0.495018 0.471635
012800 0.000 0.033788 0.495077 0.471135
012900 0.000 0.033996 0.493656 0.472348
013000 0.000 0.034050 0.494194 0.471756
013100 0.000 0.033713 0.495253 0.471034
013200 0.000 0.035234 0.493685 0.471081
013300 0.000 0.034269 0.496503 0.469228
013400 0.000 0.035678 0.495327 0.468995
013500 0.000 0.035469 0.495561 0.468970
013600 0.000 0.037119 0.495494 0.467387
013700 0.000 0.038158 0.490249 0.471592
013800 0.000 0.037044 0.489776 0.473180
013900 0.000 0.036190 0.489817 0.473994
014000 0.000 0.035583 0.489135 0.475281
014100 0.000 0.035457 0.488758 0.475785
014200 0.000 0.035778 0.487716 0.476506
014300 0.000 0.036040 0.486098 0.477863
014400 0.000 0.036257 0.484628 0.479115
014500 0.000 0.035388 0.483929 0.480683
014600 0.000 0.035490 0.487079 0.477431
014700 0.000 0.034667 0.486337 0.478996
014800 0.000 0.033257 0.486050 0.480693
014900 0.000 0.033479 0.485471 0.481050
015000 0.000 0.034250 0.486984 0.478766
015100 0.000 0.034383 0.486849 0.478768
015200 0.000 0.035978 0.486656 0.477366
015300 0.000 0.035754 0.489311 0.474935
015400 0.000 0.036697 0.489394 0.473910
015500 0.000 0.037077 0.492513 0.470410
015600 0.000 0.037747 0.494508 0.467746
015700 0.000 0.038455 0.490276 0.471269
015800 0.000 0.039931 0.488326 0.471743
015900 0.000 0.039335 0.489146 0.471519
016000 0.000 0.039599 0.489726 0.470676
016100 0.000 0.038973 0.492192 0.468835
016200 0.000 0.038352 0.489938 0.471710
016300 0.000 0.040214 0.490123 0.469663
016400 0.000 0.039271 0.492188 0.468541
016500 0.000 0.039110 0.491249 0.469641
016600 0.000 0.039397 0.494422 0.466181
016700 0.000 0.039628 0.496362 0.464010
016800 0.000 0.039511 0.496072 0.464417
016900 0.000 0.039310 0.496047 0.464642
017000 0.000 0.040166 0.495317 0.464517
017100 0.000 0.041479 0.495965 0.462556
017200 0.000 0.042185 0.495132 0.462683
017300 0.000 0.042822 0.495251 0.461926
017400 0.000 0.043046 0.498342 0.458612
017500 0.000 0.042894 0.499616 0.457490
017600 0.000 0.042918 0.498629 0.458453
017700 0.000 0.043094 0.499130 0.457776
017800 0.000 0.043097 0.497197 0.459706
017900 0.000 0.041703 0.497186 0.461110
018000 0.000 0.043121 0.497560 0.459319
018100 0.000 0.042801 0.498007 0.459192
018200 0.000 0.042533 0.498231 0.459236
018300 0.000 0.043510 0.494177 0.462313
018400 0.000 0.045338 0.492317 0.462345
018500 0.000 0.046000 0.490564 0.463436
018600 0.000 0.045771 0.492056 0.462174
018700 0.000 0.044724 0.490383 0.464893
018800 0.000 0.044449 0.491040 0.464510
018900 0.000 0.044568 0.494742 0.460690
019000 0.000 0.046344 0.493629 0.460026
019100 0.000 0.046634 0.494896 0.458470
019200 0.000 0.046884 0.492974 0.460142
019300 0.000 0.046855 0.491260 0.461885
019400 0.000 0.047075 0.492003 0.460922
019500 0.000 0.046022 0.493334 0.460644
019600 0.000 0.045424 0.492806 0.461770
019700 0.000 0.045391 0.493297 0.461312
019800 0.000 0.044656 0.494332 0.461012
019900 0.000 0.043292 0.494044 0.462664
020000 0.000 0.043176 0.490474 0.466351
020100 0.000 0.042958 0.488740 0.468301
020200 0.000 0.043224 0.485518 0.471258
020300 0.000 0.043271 0.482964 0.473765
020400 0.000 0.042305 0.484819 0.472876
020500 0.000 0.043250 0.484681 0.472069
020600 0.000 0.042809 0.484006 0.473185
020700 0.000 0.043027 0.483451 0.473522
020800 0.000 0.042735 0.482144 0.475120
020900 0.000 0.043956 0.482970 0.473074
021000 0.000 0.043308 0.479444 0.477249
021100 0.000 0.044787 0.482329 0.472884
021200 0.000 0.045006 0.482577 0.472417
021300 0.000 0.044633 0.484754 0.470613
021400 0.000 0.043384 0.481947 0.474669
021500 0.000 0.043471 0.480463 0.476066
021600 0.000 0.042375 0.487755 0.469870
021700 0.000 0.042933 0.486027 0.471040
021800 0.000 0.043729 0.485901 0.470370
021900 0.000 0.043412 0.487059 0.469528
022000 0.000 0.042243 0.486270 0.471487
022100 0.000 0.041328 0.489576 0.469096
022200 0.000 0.041291 0.487667 0.471042
022300 0.000 0.040976 0.490605 0.468419
022400 0.000 0.040406 0.487727 0.471867
022500 0.000 0.039715 0.487474 0.472810
022600 0.000 0.039390 0.485675 0.474935
022700 0.000 0.038320 0.487153 0.474526
022800 0.000 0.038251 0.486880 0.474869
022900 0.000 0.037260 0.486286 0.476454
023000 0.000 0.036988 0.487684 0.475328
023100 0.000 0.037223 0.484697 0.478081
023200 0.000 0.037149 0.487025 0.475826
023300 0.000 0.038197 0.482834 0.478969
023400 0.000 0.037006 0.482503 0.480490
023500 0.000 0.036470 0.480401 0.483128
023600 0.000 0.036490 0.482318 0.481192
023700 0.000 0.037181 0.481842 0.480977
023800 0.000 0.037154 0.482804 0.480042
023900 0.000 0.036428 0.483675 0.479897
024000 0.000 0.036684 0.481905 0.481411
024100 0.000 0.036210 0.480744 0.483046
024200 0.000 0.035838 0.479302 0.484860
024300 0.000 0.034594 0.480337 0.485069
024400 0.000 0.035008 0.479069 0.485924
024500 0.000 0.035969 0.477728 0.486303
024600 0.000 0.036960 0.476410 0.486631
024700 0.000 0.038027 0.478230 0.483743
024800 0.000 0.038402 0.480237 0.481360
024900 0.000 0.039794 0.478408 0.481798
025000 0.000 0.040275 0.479881 0.479844
025100 0.000 0.040547 0.477993 0.481460
025200 0.000 0.040661 0.477767 0.481572
025300 0.000 0.039617 0.477956 0.482427
025400 0.000 0.039569 0.476901 0.483530
025500 0.000 0.039066 0.478550 0.482384
025600 0.000 0.039066 0.478550 0.482384
025700 0.000 0.039066 0.478550 0.482384
025800 0.000 0.039066 0.478550 0.482384
025900 0.000 0.039066 0.478550 0.482384
026000 0.000 0.039066 0.478550 0.482384
026100 0.000 0.039066 0.478550 0.482384
026200 0.000 0.039066 0.478550 0.482384
026300 0.000 0.039066 0.478550 0.482384
026400 0.000 0.039066 0.478550 0.482384
026500 0.000 0.039066 0.478550 0.482384
026600 0.000 0.039066 0.478550 0.482384
026700 0.000 0.039066 0.478550 0.482384
026800 0.000 0.039066 0.478550 0.482384
026900 0.000 0.039066 0.478550 0.482384
027000 0.000 0.039066 0.478550 0.482384
027100 0.000 0.039066 0.478550 0.482384
027200 0.000 0.039066 0.478550 0.482384
027300 0.000 0.039066 0.478550 0.482384
027400 0.000 0.039066 0.478550 0.482384
027500 0.000 0.039066 0.478550 0.482384
027600 0.000 0.039066 0.478550 0.482384
027700 0.000 0.039066 0.478550 0.482384
027800 0.000 0.039066 0.478550 0.482384
027900 0.000 0.039066 0.478550 0.482384
028000 0.000 0.039066 0.478550 0.482384
028100 0.000 0.039066 0.478550 0.482384
028200 0.000 0.039066 0.478550 0.482384
028300 0.000 0.039066 0.478550 0.482384
028400 0.000 0.039066 0.478550 0.482384
028500 0.000 0.039066 0.478550 0.482384
028600 0.000 0.039066 0.478550 0.482384
028700 0.000 0.039066 0.478550 0.482384
028800 0.000 0.039066 0.478550 0.482384
028900 0.000 0.039066 0.478550 0.482384
029000 0.000 0.039066 0.478550 0.482384
029100 0.000 0.039066 0.478550 0.482384
029200 0.000 0.039066 0.478550 0.482384
029300 0.000 0.039066 0.478550 0.482384
029400 0.000 0.039066 0.478550 0.482384
029500 0.000 0.039066 0.478550 0.482384
029600 0.000 0.039066 0.478550 0.482384
029700 0.000 0.039066 0.478550 0.482384
029800 0.000 0.039066 0.478550 0.482384
029900 0.000 0.039066 0.478550 0.482384
030000 0.000 0.039066 0.478550 0.482384
030100 0.000 0.039066 0.478550 0.482384
030200 0.000 0.039066 0.478550 0.482384
030300 0.000 0.039066 0.478550 0.482384
030400 0.000 0.039066 0.478550 0.482384
030500 0.000 0.039066 0.478550 0.482384
030600 0.000 0.039066 0.478550 0.482384
030700 0.000 0.039066 0.478550 0.482384
030800 0.000 0.039066 0.478550 0.482384
030900 0.000 0.039066 0.478550 0.482384
031000 0.000 0.039066 0.478550 0.482384
031100 0.000 0.039066 0.478550 0.482384
031200 0.000 0.039066 0.478550 0.482384
031300 0.000 0.039066 0.478550 0.482384
031400 0.000 0.039066 0.478550 0.482384
031500 0.000 0.039066 0.478550 0.482384
031600 0.000 0.039066 0.478550 0.482384
031700 0.000 0.039066 0.478550 0.482384
031800 0.000 0.039066 0.478550 0.482384
031900 0.000 0.039066 0.478550 0.482384
032000 0.000 0.039066 0.478550 0.482384
032100 0.000 0.039066 0.478550 0.482384
032200 0.000 0.039066 0.478550 0.482384
032300 0.000 0.039066 0.478550 0.482384
032400 0.000 0.039066 0.478550 0.482384
032500 0.000 0.039066 0.478550 0.482384
032600 0.000 0.039066 0.478550 0.482384
032700 0.000 0.039066 0.478550 0.482384
032800 0.000 0.039066 0.478550 0.482384
032900 0.000 0.039066 0.478550 0.482384
033000 0.000 0.039066 0.478550 0.482384
033100 0.000 0.039066 0.478550 0.482384
033200 0.000 0.039066 0.478550 0.482384
033300 0.000 0.039066 0.478550 0.482384
033400 0.000 0.039066 0.478550 0.482384
033500 0.000 0.039066 0.478550 0.482384
033600 0.000 0.039066 0.478550 0.482384
033700 0.000 0.039066 0.478550 0.482384
033800 0.000 0.039066 0.478550 0.482384
033900 0.000 0.039066 0.478550 0.482384
034000 0.000 0.039066 0.478550 0.482384
034100 0.000 0.039066 0.478550 0.482384
034200 0.000 0.039066 0.478550 0.482384
034300 0.000 0.039066 0.478550 0.482384
034400 0.000 0.039066 0.478550 0.482384
034500 0.000 0.039066 0.478550 0.482384
034600 0.000 0.039066 0.478550 0.482384
034700 0.000 0.039066 0.478550 0.482384
034800 0.000 0.039066 0.478550 0.482384
034900 0.000 0.039066 0.478550 0.482384
035000 0.000 0.039066 0.478550 0.482384
035100 0.000 0.039066 0.478550 0.482384
035200 0.000 0.039066 0.478550 0.482384
035300 0.000 0.039066 0.478550 0.482384
035400 0.000 0.039066 0.478550 0.482384
035500 0.000 0.039066 0.478550 0.482384
035600 0.000 0.039066 0.478550 0.482384
035700 0.000 0.039066 0.478550 0.482384
035800 0.000 0.039066 0.478550 0.482384
035900 0.000 0.039066 0.478550 0.482384
036000 0.000 0.039066 0.478550 0.482384
036100 0.000 0.039066 0.478550 0.482384
036200 0.000 0.039066 0.478550 0.482384
036300 0.000 0.039066 0.478550 0.482384
036400 0.000 0.039066 0.478550 0.482384
036500 0.000 0.039066 0.478550 0.482384
036600 0.000 0.039066 0.478550 0.482384
036700 0.000 0.039066 0.478550 0.482384
036800 0.000 0.039066 0.478550 0.482384
036900 0.000 0.039066 0.478550 0.482384
037000 0.000 0.039066 0.478550 0.482384
037100 0.000 0.039066 0.478550 0.482384
037200 0.000 0.039066 0.478550 0.482384
037300 0.000 0.039066 0.478550 0.482384
037400 0.000 0.039066 0.478550 0.482384
037500 0.000 0.039066 0.478550 0.482384
037600 0.000 0.039066 0.478550 0.482384
037700 0.000 0.039066 0.478550 0.482384
037800 0.000 0.039066 0.478550 0.482384
037900 0.000 0.039066 0.478550 0.482384
038000 0.000 0.039066 0.478550 0.482384
038100 0.000 0.039066 0.478550 0.482384
038200 0.000 0.039066 0.478550 0.482384
038300 0.000 0.039066 0.478550 0.482384
038400 0.000 0.039066 0.478550 0.482384
038500 0.000 0.039066 0.478550 0.482384
038600 0.000 0.039066 0.478550 0.482384
038700 0.000 0.039066 0.478550 0.482384
038800 0.000 0.039066 0.478550 0.482384
038900 0.000 0.039066 0.478550 0.482384
039000 0.000 0.039066 0.478550 0.482384
039100 0.000 0.039066 0.478550 0.482384
039200 0.000 0.039066 0.478550 0.482384
039300 0.000 0.039066 0.478550 0.482384
039400 0.000 0.039066 0.478550 0.482384
039500 0.000 0.039066 0.478550 0.482384
039600 0.000 0.039066 0.478550 0.482384
039700 0.000 0.039066 0.478550 0.482384
039800 0.000 0.039066 0.478550 0.482384
039900 0.000 0.039066 0.478550 0.482384
040000 0.000 0.039066 0.478550 0.482384
040100 0.000 0.039066 0.478550 0.482384
040200 0.000 0.039066 0.478550 0.482384
040300 0.000 0.039066 0.478550 0.482384
040400 0.000 0.039066 0.478550 0.482384
040500 0.000 0.039066 0.478550 0.482384
040600 0.000 0.039066 0.478550 0.482384
040700 0.000 0.039066 0.478550 0.482384
040800 0.000 0.039066 0.478550 0.482384
040900 0.000 0.039066 0.478550 0.482384
041000 0.000 0.039066 0.478550 0.482384
041100 0.000 0.039066 0.478550 0.482384
041200 0.000 0.039066 0.478550 0.482384
041300 0.000 0.039066 0.478550 0.482384
041400 0.000 0.039066 0.478550 0.482384
041500 0.000 0.039066 0.478550 0.482384
041600 0.000 0.039066 0.478550 0.482384
041700 0.000 0.039066 0.478550 0.482384
041800 0.000 0.039066 0.478550 0.482384
041900 0.000 0.039066 0.478550 0.482384
042000 0.000 0.039066 0.478550 0.482384
042100 0.000 0.039066 0.478550 0.482384
042200 0.000 0.039066 0.478550 0.482384
042300 0.000 0.039066 0.478550 0.482384
042400 0.000 0.039066 0.478550 0.482384
042500 0.000 0.039066 0.478550 0.482384
042600 0.000 0.039066 0.478550 0.482384
042700 0.000 0.039066 0.478550 0.482384
042800 0.000 0.039066 0.478550 0.482384
042900 0.000 0.039066 0.478550 0.482384
043000 0.000 0.039066 0.478550 0.482384
043100 0.000 0.039066 0.478550 0.482384
043200 0.000 0.039066 0.478550 0.482384
043300 0.000 0.039066 0.478550 0.482384
043400 0.000 0.039066 0.478550 0.482384
043500 0.000 0.039066 0.478550 0.482384
043600 0.000 0.039066 0.478550 0.482384
043700 0.000 0.039066 0.478550 0.482384
043800 0.000 0.039066 0.478550 0.482384
043900 0.000 0.039066 0.478550 0.482384
044000 0.000 0.039066 0.478550 0.482384
044100 0.000 0.039066 0.478550 0.482384
044200 0.000 0.039066 0.478550 0.482384
044300 0.000 0.039066 0.478550 0.482384
044400 0.000 0.039066 0.478550 0.482384
044500 0.000 0.039066 0.478550 0.482384
044600 0.000 0.039066 0.478550 0.482384
044700 0.000 0.039066 0.478550 0.482384
044800 0.000 0.039066 0.478550 0.482384
044900 0.000 0.039066 0.478550 0.482384
045000 0.000 0.039066 0.478550 0.482384
045100 0.000 0.039066 0.478550 0.482384
045200 0.000 0.039066 0.478550 0.482384
045300 0.000 0.039066 0.478550 0.482384
045400 0.000 0.039066 0.478550 0.482384
045500 0.000 0.039066 0.478550 0.482384
045600 0.000 0.039066 0.478550 0.482384
045700 0.000 0.039066 0.478550 0.482384
045800 0.000 0.039066 0.478550 0.482384
045900 0.000 0.039066 0.478550 0.482384
046000 0.000 0.039066 0.478550 0.482384
046100 0.000 0.039066 0.478550 0.482384
046200 0.000 0.039066 0.478550 0.482384
046300 0.000 0.039066 0.478550 0.482384
046400 0.000 0.039066 0.478550 0.482384
046500 0.000 0.039066 0.478550 0.482384
046600 0.000 0.039066 0.478550 0.482384
046700 0.000 0.039066 0.478550 0.482384
046800 0.000 0.039066 0.478550 0.482384
046900 0.000 0.039066 0.478550 0.482384
047000 0.000 0.039066 0.478550 0.482384
047100 0.000 0.039066 0.478550 0.482384
047200 0.000 0.039066 0.478550 0.482384
047300 0.000 0.039066 0.478550 0.482384
047400 0.000 0.039066 0.478550 0.482384
047500 0.000 0.039066 0.478550 0.482384
047600 0.000 0.039066 0.478550 0.482384
047700 0.000 0.039066 0.478550 0.482384
047800 0.000 0.039066 0.478550 0.482384
047900 0.000 0.039066 0.478550 0.482384
048000 0.000 0.039066 0.478550 0.482384
048100 0.000 0.039066 0.478550 0.482384
048200 0.000 0.039066 0.478550 0.482384
048300 0.000 0.039066 0.478550 0.482384
048400 0.000 0.039066 0.478550 0.482384
048500 0.000 0.039066 0.478550 0.482384
048600 0.000 0.039066 0.478550 0.482384
048700 0.000 0.039066 0.478550 0.482384
048800 0.000 0.039066 0.478550 0.482384
048900 0.000 0.039066 0.478550 0.482384
049000 0.000 0.039066 0.478550 0.482384
049100 0.000 0.039066 0.478550 0.482384
049200 0.000 0.039066 0.478550 0.482384
049300 0.000 0.039066 0.478550 0.482384
049400 0.000 0.039066 0.478550 0.482384
049500 0.000 0.039066 0.478550 0.482384
049600 0.000 0.039066 0.478550 0.482384
049700 0.000 0.039066 0.478550 0.482384
049800 0.000 0.039066 0.478550 0.482384
049900 0.000 0.039066 0.478550 0.482384
050000 0.000 0.039066 0.478550 0.482384
