000000 0.260 0.260000 0.252500 0.227500
000100 0.464 0.081486 0.221438 0.233474
000200 0.565 0.023862 0.175755 0.235379
000300 0.615 0.015372 0.133517 0.235951
000400 0.648 0.015084 0.099478 0.236989
000500 0.673 0.015919 0.074718 0.236489
000600 0.690 0.015642 0.058212 0.236575
000700 0.701 0.014174 0.047599 0.236899
000800 0.711 0.012188 0.041058 0.235901
000900 0.718 0.010732 0.035049 0.236434
001000 0.723 0.010552 0.029228 0.237362
001100 0.728 0.010497 0.024553 0.237056
001200 0.731 0.010115 0.023099 0.236131
001300 0.733 0.010620 0.021582 0.234522
001400 0.736 0.010335 0.020904 0.232358
001500 0.738 0.009838 0.019351 0.232351
001600 0.740 0.009983 0.018583 0.231383
001700 0.744 0.010406 0.017854 0.228139
001800 0.747 0.010525 0.017625 0.224522
001900 0.752 0.010465 0.017683 0.219374
002000 0.758 0.010294 0.016721 0.215122
002100 0.763 0.010060 0.016223 0.211074
002200 0.767 0.010188 0.015277 0.207704
002300 0.771 0.009857 0.014640 0.204640
002400 0.775 0.009589 0.013655 0.201695
002500 0.781 0.009988 0.012678 0.196458
002600 0.787 0.009288 0.011864 0.191612
002700 0.794 0.008786 0.011898 0.185567
002800 0.799 0.008865 0.012165 0.179803
002900 0.805 0.008601 0.012060 0.174831
003000 0.809 0.008402 0.012054 0.170166
003100 0.813 0.008208 0.012144 0.166517
003200 0.818 0.008241 0.011935 0.161728
003300 0.823 0.007999 0.012249 0.156396
003400 0.829 0.007537 0.011045 0.152040
003500 0.834 0.007595 0.010844 0.147283
003600 0.840 0.007222 0.010368 0.142295
003700 0.846 0.006707 0.009433 0.138360
003800 0.850 0.006504 0.008794 0.134806
003900 0.855 0.006440 0.008726 0.129682
004000 0.860 0.006041 0.008800 0.125483
004100 0.864 0.005881 0.008256 0.121848
004200 0.868 0.005763 0.008616 0.117212
004300 0.872 0.006101 0.007671 0.113934
004400 0.876 0.005990 0.007251 0.110416
004500 0.881 0.005906 0.006410 0.106840
004600 0.885 0.005694 0.005913 0.103823
004700 0.888 0.005690 0.005435 0.100402
004800 0.893 0.005582 0.004743 0.096604
004900 0.897 0.005555 0.004583 0.092365
005000 0.902 0.004816 0.003832 0.089748
005100 0.905 0.005251 0.003110 0.087090
005200 0.908 0.005168 0.003149 0.083638
005300 0.911 0.005058 0.002770 0.080886
005400 0.915 0.004692 0.002555 0.078091
005500 0.917 0.004472 0.002440 0.075610
005600 0.920 0.004684 0.002220 0.073212
005700 0.923 0.004494 0.001831 0.070427
005800 0.927 0.004229 0.001719 0.067132
005900 0.929 0.004142 0.001331 0.065117
006000 0.932 0.003824 0.001004 0.063301
006100 0.935 0.003413 0.000894 0.060781
006200 0.938 0.003368 0.000716 0.058354
006300 0.940 0.003024 0.000660 0.056350
006400 0.942 0.002825 0.000466 0.054951
006500 0.944 0.002869 0.000443 0.052957
006600 0.946 0.002749 0.000381 0.051131
006700 0.948 0.002414 0.000314 0.049417
006800 0.950 0.002376 0.000272 0.047298
006900 0.952 0.002251 0.000278 0.045529
007000 0.954 0.002257 0.000047 0.043450
007100 0.956 0.002025 0.000006 0.042056
007200 0.957 0.002069 0.000000 0.040512
007300 0.959 0.001819 0.000000 0.039612
007400 0.960 0.001850 0.000000 0.037898
007500 0.962 0.001901 0.000000 0.036224
007600 0.964 0.001648 0.000000 0.034511
007700 0.965 0.001499 0.000000 0.033517
007800 0.966 0.001611 0.000000 0.032199
007900 0.968 0.001542 0.000000 0.030764
008000 0.969 0.001475 0.000000 0.029294
008100 0.971 0.001323 0.000000 0.028112
008200 0.971 0.001261 0.000000 0.027619
008300 0.972 0.001235 0.000000 0.026656
008400 0.973 0.001206 0.000000 0.025694
008500 0.974 0.001260 0.000000 0.024707
008600 0.975 0.001244 0.000000 0.023787
008700 0.976 0.001134 0.000000 0.022723
008800 0.977 0.001072 0.000000 0.021876
008900 0.977 0.000979 0.000000 0.021570
009000 0.978 0.000815 0.000000 0.021049
009100 0.979 0.000983 0.000000 0.020415
009200 0.979 0.000898 0.000000 0.019647
009300 0.980 0.000801 0.000000 0.018939
009400 0.981 0.000601 0.000000 0.018708
009500 0.981 0.000715 0.000000 0.018369
009600 0.981 0.000725 0.000000 0.018038
009700 0.982 0.000756 0.000000 0.017432
009800 0.983 0.000903 0.000000 0.016468
009900 0.983 0.000882 0.000000 0.015888
010000 0.984 0.000690 0.000000 0.015361
010100 0.985 0.000784 0.000000 0.014310
010200 0.986 0.000710 0.000000 0.013508
010300 0.986 0.000631 0.000000 0.013141
010400 0.987 0.000683 0.000000 0.012378
010500 0.988 0.000719 0.000000 0.011726
010600 0.988 0.000824 0.000000 0.010814
010700 0.989 0.000743 0.000000 0.010603
010800 0.989 0.000747 0.000000 0.009878
010900 0.990 0.000690 0.000000 0.009510
011000 0.991 0.000646 0.000000 0.008833
011100 0.991 0.000615 0.000000 0.008475
011200 0.991 0.000617 0.000000 0.008040
011300 0.992 0.000636 0.000000 0.007535
011400 0.992 0.000571 0.000000 0.007092
011500 0.993 0.000554 0.000000 0.006644
011600 0.993 0.000526 0.000000 0.006307
011700 0.994 0.000576 0.000000 0.005753
011800 0.994 0.000481 0.000000 0.005719
011900 0.994 0.000481 0.000000 0.005558
012000 0.994 0.000554 0.000000 0.005179
012100 0.995 0.000572 0.000000 0.004638
012200 0.995 0.000524 0.000000 0.004047
012300 0.996 0.000516 0.000000 0.003622
012400 0.996 0.000351 0.000000 0.003537
012500 0.996 0.000515 0.000000 0.003022
012600 0.997 0.000372 0.000000 0.002605
012700 0.998 0.000276 0.000000 0.002221
012800 0.998 0.000218 0.000000 0.001881
012900 0.998 0.000238 0.000000 0.001692
013000 0.998 0.000231 0.000000 0.001559
013100 0.998 0.000280 0.000000 0.001253
013200 0.999 0.000251 0.000000 0.001133
013300 0.999 0.000212 0.000000 0.000903
013400 0.999 0.000181 0.000000 0.000710
013500 0.999 0.000122 0.000000 0.000494
013600 1.000 0.000109 0.000000 0.000384
013700 1.000 0.000077 0.000000 0.000167
013800 1.000 0.000016 0.000000 0.000028
013900 1.000 0.000000 0.000000 0.000000
014000 1.000 0.000000 0.000000 0.000000
014100 1.000 0.000000 0.000000 0.000000
014200 1.000 0.000000 0.000000 0.000000
014300 1.000 0.000000 0.000000 0.000000
014400 1.000 0.000000 0.000000 0.000000
014500 1.000 0.000000 0.000000 0.000000
014600 1.000 0.000000 0.000000 0.000000
014700 1.000 0.000000 0.000000 0.000000
014800 1.000 0.000000 0.000000 0.000000
014900 1.000 0.000000 0.000000 0.000000
015000 1.000 0.000000 0.000000 0.000000
015100 1.000 0.000000 0.000000 0.000000
015200 1.000 0.000000 0.000000 0.000000
015300 1.000 0.000000 0.000000 0.000000
015400 1.000 0.000000 0.000000 0.000000
015500 1.000 0.000000 0.000000 0.000000
015600 1.000 0.000000 0.000000 0.000000
015700 1.000 0.000000 0.000000 0.000000
015800 1.000 0.000000 0.000000 0.000000
015900 1.000 0.000000 0.000000 0.000000
016000 1.000 0.000000 0.000000 0.000000
016100 1.000 0.000000 0.000000 0.000000
016200 1.000 0.000000 0.000000 0.000000
016300 1.000 0.000000 0.000000 0.000000
016400 1.000 0.000000 0.000000 0.000000
016500 1.000 0.000000 0.000000 0.000000
016600 1.000 0.000000 0.000000 0.000000
016700 1.000 0.000000 0.000000 0.000000
016800 1.000 0.000000 0.000000 0.000000
016900 1.000 0.000000 0.000000 0.000000
017000 1.000 0.000000 0.000000 0.000000
017100 1.000 0.000000 0.000000 0.000000
017200 1.000 0.000000 0.000000 0.000000
017300 1.000 0.000000 0.000000 0.000000
017400 1.000 0.000000 0.000000 0.000000
017500 1.000 0.000000 0.000000 0.000000
017600 1.000 0.000000 0.000000 0.000000
017700 1.000 0.000000 0.000000 0.000000
017800 1.000 0.000000 0.000000 0.000000
017900 1.000 0.000000 0.000000 0.000000
018000 1.000 0.000000 0.000000 0.000000
018100 1.000 0.000000 0.000000 0.000000
018200 1.000 0.000000 0.000000 0.000000
018300 1.000 0.000000 0.000000 0.000000
018400 1.000 0.000000 0.000000 0.000000
018500 1.000 0.000000 0.000000 0.000000
018600 1.000 0.000000 0.000000 0.000000
018700 1.000 0.000000 0.000000 0.000000
018800 1.000 0.000000 0.000000 0.000000
018900 1.000 0.000000 0.000000 0.000000
019000 1.000 0.000000 0.000000 0.000000
019100 1.000 0.000000 0.000000 0.000000
019200 1.000 0.000000 0.000000 0.000000
019300 1.000 0.000000 0.000000 0.000000
019400 1.000 0.000000 0.000000 0.000000
019500 1.000 0.000000 0.000000 0.000000
019600 1.000 0.000000 0.000000 0.000000
019700 1.000 0.000000 0.000000 0.000000
019800 1.000 0.000000 0.000000 0.000000
019900 1.000 0.000000 0.000000 0.000000
020000 1.000 0.000000 0.000000 0.000000
020100 1.000 0.000000 0.000000 0.000000
020200 1.000 0.000000 0.000000 0.000000
020300 1.000 0.000000 0.000000 0.000000
020400 1.000 0.000000 0.000000 0.000000
020500 1.000 0.000000 0.000000 0.000000
020600 1.000 0.000000 0.000000 0.000000
020700 1.000 0.000000 0.000000 0.000000
020800 1.000 0.000000 0.000000 0.000000
020900 1.000 0.000000 0.000000 0.000000
021000 1.000 0.000000 0.000000 0.000000
021100 1.000 0.000000 0.000000 0.000000
021200 1.000 0.000000 0.000000 0.000000
021300 1.000 0.000000 0.000000 0.000000
021400 1.000 0.000000 0.000000 0.000000
021500 1.000 0.000000 0.000000 0.000000
021600 1.000 0.000000 0.000000 0.000000
021700 1.000 0.000000 0.000000 0.000000
021800 1.000 0.000000 0.000000 0.000000
021900 1.000 0.000000 0.000000 0.000000
022000 1.000 0.000000 0.000000 0.000000
022100 1.000 0.000000 0.000000 0.000000
022200 1.000 0.000000 0.000000 0.000000
022300 1.000 0.000000 0.000000 0.000000
022400 1.000 0.000000 0.000000 0.000000
022500 1.000 0.000000 0.000000 0.000000
022600 1.000 0.000000 0.000000 0.000000
022700 1.000 0.000000 0.000000 0.000000
022800 1.000 0.000000 0.000000 0.000000
022900 1.000 0.000000 0.000000 0.000000
023000 1.000 0.000000 0.000000 0.000000
023100 1.000 0.000000 0.000000 0.000000
023200 1.000 0.000000 0.000000 0.000000
023300 1.000 0.000000 0.000000 0.000000
023400 1.000 0.000000 0.000000 0.000000
023500 1.000 0.000000 0.000000 0.000000
023600 1.000 0.000000 0.000000 0.000000
023700 1.000 0.000000 0.000000 0.000000
023800 1.000 0.000000 0.000000 0.000000
023900 1.000 0.000000 0.000000 0.000000
024000 1.000 0.000000 0.000000 0.000000
024100 1.000 0.000000 0.000000 0.000000
024200 1.000 0.000000 0.000000 0.000000
024300 1.000 0.000000 0.000000 0.000000
024400 1.000 0.000000 0.000000 0.000000
024500 1.000 0.000000 0.000000 0.000000
024600 1.000 0.000000 0.000000 0.000000
024700 1.000 0.000000 0.000000 0.000000
024800 1.000 0.000000 0.000000 0.000000
024900 1.000 0.000000 0.000000 0.000000
025000 1.000 0.000000 0.000000 0.000000
025100 1.000 0.000000 0.000000 0.000000
025200 1.000 0.000000 0.000000 0.000000
025300 1.000 0.000000 0.000000 0.000000
025400 1.000 0.000000 0.000000 0.000000
025500 1.000 0.000000 0.000000 0.000000
025600 1.000 0.000000 0.000000 0.000000
025700 1.000 0.000000 0.000000 0.000000
025800 1.000 0.000000 0.000000 0.000000
025900 1.000 0.000000 0.000000 0.000000
026000 1.000 0.000000 0.000000 0.000000
026100 1.000 0.000000 0.000000 0.000000
026200 1.000 0.000000 0.000000 0.000000
026300 1.000 0.000000 0.000000 0.000000
026400 1.000 0.000000 0.000000 0.000000
026500 1.000 0.000000 0.000000 0.000000
026600 1.000 0.000000 0.000000 0.000000
026700 1.000 0.000000 0.000000 0.000000
026800 1.000 0.000000 0.000000 0.000000
026900 1.000 0.000000 0.000000 0.000000
027000 1.000 0.000000 0.000000 0.000000
027100 1.000 0.000000 0.000000 0.000000
027200 1.000 0.000000 0.000000 0.000000
027300 1.000 0.000000 0.000000 0.000000
027400 1.000 0.000000 0.000000 0.000000
027500 1.000 0.000000 0.000000 0.000000
027600 1.000 0.000000 0.000000 0.000000
027700 1.000 0.000000 0.000000 0.000000
027800 1.000 0.000000 0.000000 0.000000
027900 1.000 0.000000 0.000000 0.000000
028000 1.000 0.000000 0.000000 0.000000
028100 1.000 0.000000 0.000000 0.000000
028200 1.000 0.000000 0.000000 0.000000
028300 1.000 0.000000 0.000000 0.000000
028400 1.000 0.000000 0.000000 0.000000
028500 1.000 0.000000 0.000000 0.000000
028600 1.000 0.000000 0.000000 0.000000
028700 1.000 0.000000 0.000000 0.000000
028800 1.000 0.000000 0.000000 0.000000
028900 1.000 0.000000 0.000000 0.000000
029000 1.000 0.000000 0.000000 0.000000
029100 1.000 0.000000 0.000000 0.000000
029200 1.000 0.000000 0.000000 0.000000
029300 1.000 0.000000 0.000000 0.000000
029400 1.000 0.000000 0.000000 0.000000
029500 1.000 0.000000 0.000000 0.000000
029600 1.000 0.000000 0.000000 0.000000
029700 1.000 0.000000 0.000000 0.000000
029800 1.000 0.000000 0.000000 0.000000
029900 1.000 0.000000 0.000000 0.000000
030000 1.000 0.000000 0.000000 0.000000
030100 1.000 0.000000 0.000000 0.000000
030200 1.000 0.000000 0.000000 0.000000
030300 1.000 0.000000 0.000000 0.000000
030400 1.000 0.000000 0.000000 0.000000
030500 1.000 0.000000 0.000000 0.000000
030600 1.000 0.000000 0.000000 0.000000
030700 1.000 0.000000 0.000000 0.000000
030800 1.000 0.000000 0.000000 0.000000
030900 1.000 0.000000 0.000000 0.000000
031000 1.000 0.000000 0.000000 0.000000
031100 1.000 0.000000 0.000000 0.000000
031200 1.000 0.000000 0.000000 0.000000
031300 1.000 0.000000 0.000000 0.000000
031400 1.000 0.000000 0.000000 0.000000
031500 1.000 0.000000 0.000000 0.000000
031600 1.000 0.000000 0.000000 0.000000
031700 1.000 0.000000 0.000000 0.000000
031800 1.000 0.000000 0.000000 0.000000
031900 1.000 0.000000 0.000000 0.000000
032000 1.000 0.000000 0.000000 0.000000
032100 1.000 0.000000 0.000000 0.000000
032200 1.000 0.000000 0.000000 0.000000
032300 1.000 0.000000 0.000000 0.000000
032400 1.000 0.000000 0.000000 0.000000
032500 1.000 0.000000 0.000000 0.000000
032600 1.000 0.000000 0.000000 0.000000
032700 1.000 0.000000 0.000000 0.000000
032800 1.000 0.000000 0.000000 0.000000
032900 1.000 0.000000 0.000000 0.000000
033000 1.000 0.000000 0.000000 0.000000
033100 1.000 0.000000 0.000000 0.000000
033200 1.000 0.000000 0.000000 0.000000
033300 1.000 0.000000 0.000000 0.000000
033400 1.000 0.000000 0.000000 0.000000
033500 1.000 0.000000 0.000000 0.000000
033600 1.000 0.000000 0.000000 0.000000
033700 1.000 0.000000 0.000000 0.000000
033800 1.000 0.000000 0.000000 0.000000
033900 1.000 0.000000 0.000000 0.000000
034000 1.000 0.000000 0.000000 0.000000
034100 1.000 0.000000 0.000000 0.000000
034200 1.000 0.000000 0.000000 0.000000
034300 1.000 0.000000 0.000000 0.000000
034400 1.000 0.000000 0.000000 0.000000
034500 1.000 0.000000 0.000000 0.000000
034600 1.000 0.000000 0.000000 0.000000
034700 1.000 0.000000 0.000000 0.000000
034800 1.000 0.000000 0.000000 0.000000
034900 1.000 0.000000 0.000000 0.000000
035000 1.000 0.000000 0.000000 0.000000
035100 1.000 0.000000 0.000000 0.000000
035200 1.000 0.000000 0.000000 0.000000
035300 1.000 0.000000 0.000000 0.000000
035400 1.000 0.000000 0.000000 0.000000
035500 1.000 0.000000 0.000000 0.000000
035600 1.000 0.000000 0.000000 0.000000
035700 1.000 0.000000 0.000000 0.000000
035800 1.000 0.000000 0.000000 0.000000
035900 1.000 0.000000 0.000000 0.000000
036000 1.000 0.000000 0.000000 0.000000
036100 1.000 0.000000 0.000000 0.000000
036200 1.000 0.000000 0.000000 0.000000
036300 1.000 0.000000 0.000000 0.000000
036400 1.000 0.000000 0.000000 0.000000
036500 1.000 0.000000 0.000000 0.000000
036600 1.000 0.000000 0.000000 0.000000
036700 1.000 0.000000 0.000000 0.000000
036800 1.000 0.000000 0.000000 0.000000
036900 1.000 0.000000 0.000000 0.000000
037000 1.000 0.000000 0.000000 0.000000
037100 1.000 0.000000 0.000000 0.000000
037200 1.000 0.000000 0.000000 0.000000
037300 1.000 0.000000 0.000000 0.000000
037400 1.000 0.000000 0.000000 0.000000
037500 1.000 0.000000 0.000000 0.000000
037600 1.000 0.000000 0.000000 0.000000
037700 1.000 0.000000 0.000000 0.000000
037800 1.000 0.000000 0.000000 0.000000
037900 1.000 0.000000 0.000000 0.000000
038000 1.000 0.000000 0.000000 0.000000
038100 1.000 0.000000 0.000000 0.000000
038200 1.000 0.000000 0.000000 0.000000
038300 1.000 0.000000 0.000000 0.000000
038400 1.000 0.000000 0.000000 0.000000
038500 1.000 0.000000 0.000000 0.000000
038600 1.000 0.000000 0.000000 0.000000
038700 1.000 0.000000 0.000000 0.000000
038800 1.000 0.000000 0.000000 0.000000
038900 1.000 0.000000 0.000000 0.000000
039000 1.000 0.000000 0.000000 0.000000
039100 1.000 0.000000 0.000000 0.000000
039200 1.000 0.000000 0.000000 0.000000
039300 1.000 0.000000 0.000000 0.000000
039400 1.000 0.000000 0.000000 0.000000
039500 1.000 0.000000 0.000000 0.000000
039600 1.000 0.000000 0.000000 0.000000
039700 1.000 0.000000 0.000000 0.000000
039800 1.000 0.000000 0.000000 0.000000
039900 1.000 0.000000 0.000000 0.000000
040000 1.000 0.000000 0.000000 0.000000
040100 1.000 0.000000 0.000000 0.000000
040200 1.000 0.000000 0.000000 0.000000
040300 1.000 0.000000 0.000000 0.000000
040400 1.000 0.000000 0.000000 0.000000
040500 1.000 0.000000 0.000000 0.000000
040600 1.000 0.000000 0.000000 0.000000
040700 1.000 0.000000 0.000000 0.000000
040800 1.000 0.000000 0.000000 0.000000
040900 1.000 0.000000 0.000000 0.000000
041000 1.000 0.000000 0.000000 0.000000
041100 1.000 0.000000 0.000000 0.000000
041200 1.000 0.000000 0.000000 0.000000
041300 1.000 0.000000 0.000000 0.000000
041400 1.000 0.000000 0.000000 0.000000
041500 1.000 0.000000 0.000000 0.000000
041600 1.000 0.000000 0.000000 0.000000
041700 1.000 0.000000 0.000000 0.000000
041800 1.000 0.000000 0.000000 0.000000
041900 1.000 0.000000 0.000000 0.000000
042000 1.000 0.000000 0.000000 0.000000
042100 1.000 0.000000 0.000000 0.000000
042200 1.000 0.000000 0.000000 0.000000
042300 1.000 0.000000 0.000000 0.000000
042400 1.000 0.000000 0.000000 0.000000
042500 1.000 0.000000 0.000000 0.000000
042600 1.000 0.000000 0.000000 0.000000
042700 1.000 0.000000 0.000000 0.000000
042800 1.000 0.000000 0.000000 0.000000
042900 1.000 0.000000 0.000000 0.000000
043000 1.000 0.000000 0.000000 0.000000
043100 1.000 0.000000 0.000000 0.000000
043200 1.000 0.000000 0.000000 0.000000
043300 1.000 0.000000 0.000000 0.000000
043400 1.000 0.000000 0.000000 0.000000
043500 1.000 0.000000 0.000000 0.000000
043600 1.000 0.000000 0.000000 0.000000
043700 1.000 0.000000 0.000000 0.000000
043800 1.000 0.000000 0.000000 0.000000
043900 1.000 0.000000 0.000000 0.000000
044000 1.000 0.000000 0.000000 0.000000
044100 1.000 0.000000 0.000000 0.000000
044200 1.000 0.000000 0.000000 0.000000
044300 1.000 0.000000 0.000000 0.000000
044400 1.000 0.000000 0.000000 0.000000
044500 1.000 0.000000 0.000000 0.000000
044600 1.000 0.000000 0.000000 0.000000
044700 1.000 0.000000 0.000000 0.000000
044800 1.000 0.000000 0.000000 0.000000
044900 1.000 0.000000 0.000000 0.000000
045000 1.000 0.000000 0.000000 0.000000
045100 1.000 0.000000 0.000000 0.000000
045200 1.000 0.000000 0.000000 0.000000
045300 1.000 0.000000 0.000000 0.000000
045400 1.000 0.000000 0.000000 0.000000
045500 1.000 0.000000 0.000000 0.000000
045600 1.000 0.000000 0.000000 0.000000
045700 1.000 0.000000 0.000000 0.000000
045800 1.000 0.000000 0.000000 0.000000
045900 1.000 0.000000 0.000000 0.000000
046000 1.000 0.000000 0.000000 0.000000
046100 1.000 0.000000 0.000000 0.000000
046200 1.000 0.000000 0.000000 0.000000
046300 1.000 0.000000 0.000000 0.000000
046400 1.000 0.000000 0.000000 0.000000
046500 1.000 0.000000 0.000000 0.000000
046600 1.000 0.000000 0.000000 0.000000
046700 1.000 0.000000 0.000000 0.000000
046800 1.000 0.000000 0.000000 0.000000
046900 1.000 0.000000 0.000000 0.000000
047000 1.000 0.000000 0.000000 0.000000
047100 1.000 0.000000 0.000000 0.000000
047200 1.000 0.000000 0.000000 0.000000
047300 1.000 0.000000 0.000000 0.000000
047400 1.000 0.000000 0.000000 0.000000
047500 1.000 0.000000 0.000000 0.000000
047600 1.000 0.000000 0.000000 0.000000
047700 1.000 0.000000 0.000000 0.000000
047800 1.000 0.000000 0.000000 0.000000
047900 1.000 0.000000 0.000000 0.000000
048000 1.000 0.000000 0.000000 0.000000
048100 1.000 0.000000 0.000000 0.000000
048200 1.000 0.000000 0.000000 0.000000
048300 1.000 0.000000 0.000000 0.000000
048400 1.000 0.000000 0.000000 0.000000
048500 1.000 0.000000 0.000000 0.000000
048600 1.000 0.000000 0.000000 0.000000
048700 1.000 0.000000 0.000000 0.000000
048800 1.000 0.000000 0.000000 0.000000
048900 1.000 0.000000 0.000000 0.000000
049000 1.000 0.000000 0.000000 0.000000
049100 1.000 0.000000 0.000000 0.000000
049200 1.000 0.000000 0.000000 0.000000
049300 1.000 0.000000 0.000000 0.000000
049400 1.000 0.000000 0.000000 0.000000
049500 1.000 0.000000 0.000000 0.000000
049600 1.000 0.000000 0.000000 0.000000
049700 1.000 0.000000 0.000000 0.000000
049800 1.000 0.000000 0.000000 0.000000
049900 1.000 0.000000 0.000000 0.000000
050000 1.000 0.000000 0.000000 0.000000
