000000 0.275 0.260000 0.242500 0.222500
000100 0.371 0.088675 0.263823 0.276378
000200 0.342 0.044692 0.287121 0.325866
000300 0.288 0.034634 0.315472 0.362185
000400 0.231 0.032966 0.343198 0.392401
000500 0.176 0.034973 0.370353 0.418231
000600 0.127 0.036726 0.394591 0.441221
000700 0.091 0.038285 0.415162 0.455644
000800 0.064 0.038211 0.430787 0.466696
000900 0.044 0.038535 0.443061 0.474674
001000 0.029 0.040026 0.450941 0.479592
001100 0.020 0.038947 0.458855 0.482233
001200 0.014 0.039194 0.459346 0.487332
001300 0.010 0.039195 0.459688 0.490769
001400 0.008 0.038252 0.460894 0.492988
001500 0.006 0.038088 0.462873 0.493307
001600 0.005 0.037017 0.464963 0.493464
001700 0.004 0.036901 0.464144 0.495382
001800 0.003 0.037742 0.464661 0.494899
001900 0.003 0.038521 0.464574 0.494328
002000 0.002 0.038886 0.467442 0.491751
002100 0.002 0.037940 0.468087 0.492117
002200 0.002 0.037978 0.467267 0.493233
002300 0.001 0.036222 0.467025 0.495862
002400 0.000 0.037465 0.465870 0.496176
002500 0.000 0.038613 0.463703 0.497258
002600 0.000 0.037601 0.464209 0.498015
002700 0.000 0.037937 0.462848 0.499086
002800 0.000 0.037608 0.461901 0.500448
002900 0.000 0.038192 0.461316 0.500492
003000 0.000 0.038166 0.461494 0.500340
003100 0.000 0.037883 0.461814 0.500303
003200 0.000 0.038118 0.458532 0.503350
003300 0.000 0.038585 0.461321 0.500094
003400 0.000 0.038094 0.460148 0.501758
003500 0.000 0.039300 0.460780 0.499920
003600 0.000 0.038538 0.461482 0.499981
003700 0.000 0.040280 0.461385 0.498335
003800 0.000 0.040366 0.463319 0.496315
003900 0.000 0.040031 0.461883 0.498086
004000 0.000 0.037922 0.462790 0.499287
004100 0.000 0.038849 0.467784 0.493367
004200 0.000 0.038997 0.466731 0.494272
004300 0.000 0.038694 0.465665 0.495640
004400 0.000 0.038699 0.469587 0.491714
004500 0.000 0.039883 0.469860 0.490257
004600 0.000 0.040003 0.470724 0.489273
004700 0.000 0.038822 0.472735 0.488442
004800 0.000 0.040510 0.469228 0.490262
004900 0.000 0.039683 0.468535 0.491782
005000 0.000 0.040302 0.468252 0.491446
005100 0.000 0.040272 0.470128 0.489601
005200 0.000 0.039515 0.471183 0.489303
005300 0.000 0.040587 0.471149 0.488264
005400 0.000 0.041342 0.471585 0.487073
005500 0.000 0.041872 0.471767 0.486362
005600 0.000 0.040359 0.472941 0.486700
005700 0.000 0.038628 0.474014 0.487358
005800 0.000 0.038686 0.476503 0.484810
005900 0.000 0.038059 0.478936 0.483005
006000 0.000 0.037105 0.477493 0.485402
006100 0.000 0.035860 0.476670 0.487470
006200 0.000 0.036863 0.477460 0.485677
006300 0.000 0.036159 0.479700 0.484141
006400 0.000 0.034949 0.479333 0.485717
006500 0.000 0.035622 0.479031 0.485348
006600 0.000 0.033590 0.479325 0.487085
006700 0.000 0.033335 0.478807 0.487858
006800 0.000 0.034475 0.478724 0.486801
006900 0.000 0.035181 0.477212 0.487608
007000 0.000 0.035956 0.474353 0.489692
007100 0.000 0.036306 0.474434 0.489260
007200 0.000 0.035081 0.474976 0.489943
007300 0.000 0.035413 0.474728 0.489858
007400 0.000 0.033662 0.477242 0.489096
007500 0.000 0.033271 0.476668 0.490061
007600 0.000 0.031744 0.474740 0.493516
007700 0.000 0.031754 0.473624 0.494622
007800 0.000 0.031826 0.471483 0.496691
007900 0.000 0.032198 0.470315 0.497488
008000 0.000 0.031652 0.474583 0.493765
008100 0.000 0.031285 0.475108 0.493607
008200 0.000 0.031202 0.478624 0.490174
008300 0.000 0.031926 0.476796 0.491278
008400 0.000 0.031590 0.474363 0.494048
008500 0.000 0.032558 0.474162 0.493281
008600 0.000 0.033560 0.471277 0.495163
008700 0.000 0.034549 0.469148 0.496303
008800 0.000 0.034840 0.467376 0.497784
008900 0.000 0.035133 0.469964 0.494903
009000 0.000 0.035731 0.466937 0.497333
009100 0.000 0.035225 0.472208 0.492567
009200 0.000 0.034495 0.472594 0.492910
009300 0.000 0.034193 0.471299 0.494508
009400 0.000 0.034508 0.467338 0.498154
009500 0.000 0.034517 0.468337 0.497147
009600 0.000 0.034647 0.466830 0.498523
009700 0.000 0.034674 0.468282 0.497044
009800 0.000 0.035880 0.465547 0.498573
009900 0.000 0.035218 0.467090 0.497692
010000 0.000 0.035076 0.468744 0.496181
010100 0.000 0.034580 0.469330 0.496090
010200 0.000 0.035641 0.466201 0.498158
010300 0.000 0.035833 0.465844 0.498323
010400 0.000 0.035566 0.467263 0.497171
010500 0.000 0.035057 0.463087 0.501856
010600 0.000 0.035622 0.463739 0.500639
010700 0.000 0.036644 0.461174 0.502182
010800 0.000 0.036814 0.461408 0.501778
010900 0.000 0.037072 0.460637 0.502291
011000 0.000 0.036890 0.456051 0.507059
011100 0.000 0.036956 0.456808 0.506236
011200 0.000 0.037488 0.458690 0.503822
011300 0.000 0.035706 0.458035 0.506259
011400 0.000 0.037312 0.456667 0.506021
011500 0.000 0.036565 0.458766 0.504669
011600 0.000 0.038090 0.457350 0.504560
011700 0.000 0.038490 0.455224 0.506287
011800 0.000 0.037613 0.457206 0.505181
011900 0.000 0.038012 0.453504 0.508484
012000 0.000 0.038822 0.452733 0.508446
012100 0.000 0.039461 0.454066 0.506473
012200 0.000 0.039255 0.452711 0.508034
012300 0.000 0.039105 0.454307 0.506588
012400 0.000 0.038135 0.454483 0.507381
012500 0.000 0.038387 0.458101 0.503513
012600 0.000 0.038860 0.459599 0.501541
012700 0.000 0.038455 0.461475 0.500070
012800 0.000 0.039211 0.456624 0.504165
012900 0.000 0.037670 0.457772 0.504558
013000 0.000 0.038101 0.461156 0.500743
013100 0.000 0.039012 0.462112 0.498875
013200 0.000 0.039151 0.460735 0.500115
013300 0.000 0.039390 0.459653 0.500957
013400 0.000 0.040276 0.455869 0.503855
013500 0.000 0.040194 0.456128 0.503678
013600 0.000 0.040837 0.454307 0.504856
013700 0.000 0.040185 0.453719 0.506096
013800 0.000 0.040647 0.456655 0.502699
013900 0.000 0.039587 0.458576 0.501837
014000 0.000 0.039175 0.459321 0.501504
014100 0.000 0.040073 0.457543 0.502384
014200 0.000 0.040093 0.455174 0.504733
014300 0.000 0.041508 0.455043 0.503449
014400 0.000 0.040876 0.454916 0.504208
014500 0.000 0.041801 0.455762 0.502437
014600 0.000 0.041855 0.457694 0.500451
014700 0.000 0.041709 0.457462 0.500829
014800 0.000 0.041874 0.457334 0.500792
014900 0.000 0.042585 0.457030 0.500385
015000 0.000 0.042238 0.458201 0.499560
015100 0.000 0.042567 0.458593 0.498840
015200 0.000 0.042415 0.459404 0.498181
015300 0.000 0.043053 0.459472 0.497476
015400 0.000 0.042130 0.458904 0.498966
015500 0.000 0.042063 0.457710 0.500228
015600 0.000 0.041525 0.455758 0.502717
015700 0.000 0.043812 0.454772 0.501417
015800 0.000 0.042314 0.454349 0.503337
015900 0.000 0.042356 0.457049 0.500596
016000 0.000 0.043667 0.453728 0.502604
016100 0.000 0.045817 0.453597 0.500586
016200 0.000 0.045856 0.452046 0.502099
016300 0.000 0.045706 0.451963 0.502331
016400 0.000 0.045424 0.451301 0.503275
016500 0.000 0.045483 0.452179 0.502338
016600 0.000 0.046090 0.451026 0.502883
016700 0.000 0.044624 0.450028 0.505347
016800 0.000 0.044424 0.446640 0.508937
016900 0.000 0.043849 0.450003 0.506148
017000 0.000 0.043631 0.449488 0.506881
017100 0.000 0.043272 0.449441 0.507287
017200 0.000 0.042600 0.449126 0.508274
017300 0.000 0.043152 0.450096 0.506752
017400 0.000 0.042811 0.449683 0.507506
017500 0.000 0.042714 0.449351 0.507935
017600 0.000 0.043319 0.450365 0.506316
017700 0.000 0.043391 0.451661 0.504948
017800 0.000 0.043615 0.449027 0.507358
017900 0.000 0.043875 0.451242 0.504883
018000 0.000 0.043013 0.452197 0.504790
018100 0.000 0.043708 0.453818 0.502474
018200 0.000 0.044695 0.450947 0.504358
018300 0.000 0.044856 0.451189 0.503956
018400 0.000 0.044926 0.451742 0.503332
018500 0.000 0.045697 0.450833 0.503471
018600 0.000 0.045627 0.452606 0.501767
018700 0.000 0.045939 0.453527 0.500534
018800 0.000 0.045703 0.451694 0.502602
018900 0.000 0.042959 0.451777 0.505264
019000 0.000 0.043131 0.449237 0.507632
019100 0.000 0.043568 0.452345 0.504087
019200 0.000 0.044468 0.451836 0.503696
019300 0.000 0.045418 0.451315 0.503267
019400 0.000 0.045799 0.450811 0.503390
019500 0.000 0.046812 0.452267 0.500921
019600 0.000 0.045839 0.449333 0.504828
019700 0.000 0.044864 0.449860 0.505276
019800 0.000 0.044472 0.450660 0.504868
019900 0.000 0.044861 0.450324 0.504815
020000 0.000 0.044956 0.452374 0.502670
020100 0.000 0.043589 0.451197 0.505215
020200 0.000 0.042590 0.450577 0.506833
020300 0.000 0.042833 0.450478 0.506688
020400 0.000 0.041706 0.454951 0.503343
020500 0.000 0.042037 0.454668 0.503295
020600 0.000 0.043694 0.450417 0.505888
020700 0.000 0.042749 0.448363 0.508888
020800 0.000 0.042422 0.445573 0.512006
020900 0.000 0.043251 0.445279 0.511470
021000 0.000 0.043289 0.446623 0.510088
021100 0.000 0.042622 0.449439 0.507940
021200 0.000 0.042392 0.450175 0.507433
021300 0.000 0.040752 0.452835 0.506413
021400 0.000 0.040086 0.454867 0.505047
021500 0.000 0.039849 0.456660 0.503491
021600 0.000 0.040458 0.461373 0.498169
021700 0.000 0.041542 0.461031 0.497428
021800 0.000 0.041710 0.460606 0.497683
021900 0.000 0.041571 0.464208 0.494222
022000 0.000 0.041590 0.463347 0.495063
022100 0.000 0.041728 0.462406 0.495866
022200 0.000 0.040285 0.461537 0.498177
022300 0.000 0.040520 0.459641 0.499839
022400 0.000 0.040389 0.458354 0.501257
022500 0.000 0.040322 0.459308 0.500371
022600 0.000 0.040665 0.458612 0.500723
022700 0.000 0.039950 0.458124 0.501926
022800 0.000 0.040481 0.458083 0.501435
022900 0.000 0.041393 0.453296 0.505311
023000 0.000 0.041694 0.452060 0.506247
023100 0.000 0.042159 0.448690 0.509151
023200 0.000 0.041899 0.449969 0.508132
023300 0.000 0.041710 0.452378 0.505912
023400 0.000 0.040723 0.455106 0.504171
023500 0.000 0.040749 0.457081 0.502170
023600 0.000 0.041126 0.456812 0.502062
023700 0.000 0.040955 0.455174 0.503871
023800 0.000 0.042274 0.458178 0.499549
023900 0.000 0.042468 0.458744 0.498787
024000 0.000 0.042472 0.455781 0.501747
024100 0.000 0.043919 0.456479 0.499602
024200 0.000 0.043222 0.455562 0.501215
024300 0.000 0.043736 0.455817 0.500447
024400 0.000 0.043802 0.457967 0.498231
024500 0.000 0.045193 0.456360 0.498447
024600 0.000 0.044633 0.458573 0.496794
024700 0.000 0.046108 0.456960 0.496932
024800 0.000 0.045995 0.460009 0.493996
024900 0.000 0.044033 0.460999 0.494968
025000 0.000 0.043302 0.461057 0.495641
025100 0.000 0.043403 0.457768 0.498828
025200 0.000 0.043651 0.459786 0.496563
025300 0.000 0.044037 0.461483 0.494481
025400 0.000 0.043647 0.459940 0.496413
025500 0.000 0.043412 0.458545 0.498042
025600 0.000 0.042994 0.455985 0.501020
025700 0.000 0.044151 0.455197 0.500652
025800 0.000 0.043717 0.454242 0.502042
025900 0.000 0.044200 0.453178 0.502622
026000 0.000 0.043767 0.451944 0.504290
026100 0.000 0.044372 0.453241 0.502387
026200 0.000 0.044372 0.453241 0.502387
026300 0.000 0.044372 0.453241 0.502387
026400 0.000 0.044372 0.453241 0.502387
026500 0.000 0.044372 0.453241 0.502387
026600 0.000 0.044372 0.453241 0.502387
026700 0.000 0.044372 0.453241 0.502387
026800 0.000 0.044372 0.453241 0.502387
026900 0.000 0.044372 0.453241 0.502387
027000 0.000 0.044372 0.453241 0.502387
027100 0.000 0.044372 0.453241 0.502387
027200 0.000 0.044372 0.453241 0.502387
027300 0.000 0.044372 0.453241 0.502387
027400 0.000 0.044372 0.453241 0.502387
027500 0.000 0.044372 0.453241 0.502387
027600 0.000 0.044372 0.453241 0.502387
027700 0.000 0.044372 0.453241 0.502387
027800 0.000 0.044372 0.453241 0.502387
027900 0.000 0.044372 0.453241 0.502387
028000 0.000 0.044372 0.453241 0.502387
028100 0.000 0.044372 0.453241 0.502387
028200 0.000 0.044372 0.453241 0.502387
028300 0.000 0.044372 0.453241 0.502387
028400 0.000 0.044372 0.453241 0.502387
028500 0.000 0.044372 0.453241 0.502387
028600 0.000 0.044372 0.453241 0.502387
028700 0.000 0.044372 0.453241 0.502387
028800 0.000 0.044372 0.453241 0.502387
028900 0.000 0.044372 0.453241 0.502387
029000 0.000 0.044372 0.453241 0.502387
029100 0.000 0.044372 0.453241 0.502387
029200 0.000 0.044372 0.453241 0.502387
029300 0.000 0.044372 0.453241 0.502387
029400 0.000 0.044372 0.453241 0.502387
029500 0.000 0.044372 0.453241 0.502387
029600 0.000 0.044372 0.453241 0.502387
029700 0.000 0.044372 0.453241 0.502387
029800 0.000 0.044372 0.453241 0.502387
029900 0.000 0.044372 0.453241 0.502387
030000 0.000 0.044372 0.453241 0.502387
030100 0.000 0.044372 0.453241 0.502387
030200 0.000 0.044372 0.453241 0.502387
030300 0.000 0.044372 0.453241 0.502387
030400 0.000 0.044372 0.453241 0.502387
030500 0.000 0.044372 0.453241 0.502387
030600 0.000 0.044372 0.453241 0.502387
030700 0.000 0.044372 0.453241 0.502387
030800 0.000 0.044372 0.453241 0.502387
030900 0.000 0.044372 0.453241 0.502387
031000 0.000 0.044372 0.453241 0.502387
031100 0.000 0.044372 0.453241 0.502387
031200 0.000 0.044372 0.453241 0.502387
031300 0.000 0.044372 0.453241 0.502387
031400 0.000 0.044372 0.453241 0.502387
031500 0.000 0.044372 0.453241 0.502387
031600 0.000 0.044372 0.453241 0.502387
031700 0.000 0.044372 0.453241 0.502387
031800 0.000 0.044372 0.453241 0.502387
031900 0.000 0.044372 0.453241 0.502387
032000 0.000 0.044372 0.453241 0.502387
032100 0.000 0.044372 0.453241 0.502387
032200 0.000 0.044372 0.453241 0.502387
032300 0.000 0.044372 0.453241 0.502387
032400 0.000 0.044372 0.453241 0.502387
032500 0.000 0.044372 0.453241 0.502387
032600 0.000 0.044372 0.453241 0.502387
032700 0.000 0.044372 0.453241 0.502387
032800 0.000 0.044372 0.453241 0.502387
032900 0.000 0.044372 0.453241 0.502387
033000 0.000 0.044372 0.453241 0.502387
033100 0.000 0.044372 0.453241 0.502387
033200 0.000 0.044372 0.453241 0.502387
033300 0.000 0.044372 0.453241 0.502387
033400 0.000 0.044372 0.453241 0.502387
033500 0.000 0.044372 0.453241 0.502387
033600 0.000 0.044372 0.453241 0.502387
033700 0.000 0.044372 0.453241 0.502387
033800 0.000 0.044372 0.453241 0.502387
033900 0.000 0.044372 0.453241 0.502387
034000 0.000 0.044372 0.453241 0.502387
034100 0.000 0.044372 0.453241 0.502387
034200 0.000 0.044372 0.453241 0.502387
034300 0.000 0.044372 0.453241 0.502387
034400 0.000 0.044372 0.453241 0.502387
034500 0.000 0.044372 0.453241 0.502387
034600 0.000 0.044372 0.453241 0.502387
034700 0.000 0.044372 0.453241 0.502387
034800 0.000 0.044372 0.453241 0.502387
034900 0.000 0.044372 0.453241 0.502387
035000 0.000 0.044372 0.453241 0.502387
035100 0.000 0.044372 0.453241 0.502387
035200 0.000 0.044372 0.453241 0.502387
035300 0.000 0.044372 0.453241 0.502387
035400 0.000 0.044372 0.453241 0.502387
035500 0.000 0.044372 0.453241 0.502387
035600 0.000 0.044372 0.453241 0.502387
035700 0.000 0.044372 0.453241 0.502387
035800 0.000 0.044372 0.453241 0.502387
035900 0.000 0.044372 0.453241 0.502387
036000 0.000 0.044372 0.453241 0.502387
036100 0.000 0.044372 0.453241 0.502387
036200 0.000 0.044372 0.453241 0.502387
036300 0.000 0.044372 0.453241 0.502387
036400 0.000 0.044372 0.453241 0.502387
036500 0.000 0.044372 0.453241 0.502387
036600 0.000 0.044372 0.453241 0.502387
036700 0.000 0.044372 0.453241 0.502387
036800 0.000 0.044372 0.453241 0.502387
036900 0.000 0.044372 0.453241 0.502387
037000 0.000 0.044372 0.453241 0.502387
037100 0.000 0.044372 0.453241 0.502387
037200 0.000 0.044372 0.453241 0.502387
037300 0.000 0.044372 0.453241 0.502387
037400 0.000 0.044372 0.453241 0.502387
037500 0.000 0.044372 0.453241 0.502387
037600 0.000 0.044372 0.453241 0.502387
037700 0.000 0.044372 0.453241 0.502387
037800 0.000 0.044372 0.453241 0.502387
037900 0.000 0.044372 0.453241 0.502387
038000 0.000 0.044372 0.453241 0.502387
038100 0.000 0.044372 0.453241 0.502387
038200 0.000 0.044372 0.453241 0.502387
038300 0.000 0.044372 0.453241 0.502387
038400 0.000 0.044372 0.453241 0.502387
038500 0.000 0.044372 0.453241 0.502387
038600 0.000 0.044372 0.453241 0.502387
038700 0.000 0.044372 0.453241 0.502387
038800 0.000 0.044372 0.453241 0.502387
038900 0.000 0.044372 0.453241 0.502387
039000 0.000 0.044372 0.453241 0.502387
039100 0.000 0.044372 0.453241 0.502387
039200 0.000 0.044372 0.453241 0.502387
039300 0.000 0.044372 0.453241 0.502387
039400 0.000 0.044372 0.453241 0.502387
039500 0.000 0.044372 0.453241 0.502387
039600 0.000 0.044372 0.453241 0.502387
039700 0.000 0.044372 0.453241 0.502387
039800 0.000 0.044372 0.453241 0.502387
039900 0.000 0.044372 0.453241 0.502387
040000 0.000 0.044372 0.453241 0.502387
040100 0.000 0.044372 0.453241 0.502387
040200 0.000 0.044372 0.453241 0.502387
040300 0.000 0.044372 0.453241 0.502387
040400 0.000 0.044372 0.453241 0.502387
040500 0.000 0.044372 0.453241 0.502387
040600 0.000 0.044372 0.453241 0.502387
040700 0.000 0.044372 0.453241 0.502387
040800 0.000 0.044372 0.453241 0.502387
040900 0.000 0.044372 0.453241 0.502387
041000 0.000 0.044372 0.453241 0.502387
041100 0.000 0.044372 0.453241 0.502387
041200 0.000 0.044372 0.453241 0.502387
041300 0.000 0.044372 0.453241 0.502387
041400 0.000 0.044372 0.453241 0.502387
041500 0.000 0.044372 0.453241 0.502387
041600 0.000 0.044372 0.453241 0.502387
041700 0.000 0.044372 0.453241 0.502387
041800 0.000 0.044372 0.453241 0.502387
041900 0.000 0.044372 0.453241 0.502387
042000 0.000 0.044372 0.453241 0.502387
042100 0.000 0.044372 0.453241 0.502387
042200 0.000 0.044372 0.453241 0.502387
042300 0.000 0.044372 0.453241 0.502387
042400 0.000 0.044372 0.453241 0.502387
042500 0.000 0.044372 0.453241 0.502387
042600 0.000 0.044372 0.453241 0.502387
042700 0.000 0.044372 0.453241 0.502387
042800 0.000 0.044372 0.453241 0.502387
042900 0.000 0.044372 0.453241 0.502387
043000 0.000 0.044372 0.453241 0.502387
043100 0.000 0.044372 0.453241 0.502387
043200 0.000 0.044372 0.453241 0.502387
043300 0.000 0.044372 0.453241 0.502387
043400 0.000 0.044372 0.453241 0.502387
043500 0.000 0.044372 0.453241 0.502387
043600 0.000 0.044372 0.453241 0.502387
043700 0.000 0.044372 0.453241 0.502387
043800 0.000 0.044372 0.453241 0.502387
043900 0.000 0.044372 0.453241 0.502387
044000 0.000 0.044372 0.453241 0.502387
044100 0.000 0.044372 0.453241 0.502387
044200 0.000 0.044372 0.453241 0.502387
044300 0.000 0.044372 0.453241 0.502387
044400 0.000 0.044372 0.453241 0.502387
044500 0.000 0.044372 0.453241 0.502387
044600 0.000 0.044372 0.453241 0.502387
044700 0.000 0.044372 0.453241 0.502387
044800 0.000 0.044372 0.453241 0.502387
044900 0.000 0.044372 0.453241 0.502387
045000 0.000 0.044372 0.453241 0.502387
045100 0.000 0.044372 0.453241 0.502387
045200 0.000 0.044372 0.453241 0.502387
045300 0.000 0.044372 0.453241 0.502387
045400 0.000 0.044372 0.453241 0.502387
045500 0.000 0.044372 0.453241 0.502387
045600 0.000 0.044372 0.453241 0.502387
045700 0.000 0.044372 0.453241 0.502387
045800 0.000 0.044372 0.453241 0.502387
045900 0.000 0.044372 0.453241 0.502387
046000 0.000 0.044372 0.453241 0.502387
046100 0.000 0.044372 0.453241 0.502387
046200 0.000 0.044372 0.453241 0.502387
046300 0.000 0.044372 0.453241 0.502387
046400 0.000 0.044372 0.453241 0.502387
046500 0.000 0.044372 0.453241 0.502387
046600 0.000 0.044372 0.453241 0.502387
046700 0.000 0.044372 0.453241 0.502387
046800 0.000 0.044372 0.453241 0.502387
046900 0.000 0.044372 0.453241 0.502387
047000 0.000 0.044372 0.453241 0.502387
047100 0.000 0.044372 0.453241 0.502387
047200 0.000 0.044372 0.453241 0.502387
047300 0.000 0.044372 0.453241 0.502387
047400 0.000 0.044372 0.453241 0.502387
047500 0.000 0.044372 0.453241 0.502387
047600 0.000 0.044372 0.453241 0.502387
047700 0.000 0.044372 0.453241 0.502387
047800 0.000 0.044372 0.453241 0.502387
047900 0.000 0.044372 0.453241 0.502387
048000 0.000 0.044372 0.453241 0.502387
048100 0.000 0.044372 0.453241 0.502387
048200 0.000 0.044372 0.453241 0.502387
048300 0.000 0.044372 0.453241 0.502387
048400 0.000 0.044372 0.453241 0.502387
048500 0.000 0.044372 0.453241 0.502387
048600 0.000 0.044372 0.453241 0.502387
048700 0.000 0.044372 0.453241 0.502387
048800 0.000 0.044372 0.453241 0.502387
048900 0.000 0.044372 0.453241 0.502387
049000 0.000 0.044372 0.453241 0.502387
049100 0.000 0.044372 0.453241 0.502387
049200 0.000 0.044372 0.453241 0.502387
049300 0.000 0.044372 0.453241 0.502387
049400 0.000 0.044372 0.453241 0.502387
049500 0.000 0.044372 0.453241 0.502387
049600 0.000 0.044372 0.453241 0.502387
049700 0.000 0.044372 0.453241 0.502387
049800 0.000 0.044372 0.453241 0.502387
049900 0.000 0.044372 0.453241 0.502387
050000 0.000 0.044372 0.453241 0.502387
