000000 0.258 0.240000 0.237500 0.265000
000100 0.402 0.078290 0.250837 0.268890
000200 0.438 0.030629 0.265515 0.265533
000300 0.435 0.020532 0.285249 0.259153
000400 0.424 0.015813 0.308024 0.251959
000500 0.414 0.010723 0.331601 0.244025
000600 0.399 0.009327 0.355760 0.235948
000700 0.382 0.008751 0.381196 0.227669
000800 0.364 0.008070 0.406818 0.221224
000900 0.342 0.008243 0.431500 0.218195
001000 0.319 0.008041 0.455994 0.216749
001100 0.297 0.008219 0.482510 0.212717
001200 0.274 0.007862 0.507792 0.210515
001300 0.252 0.007761 0.531721 0.208800
001400 0.228 0.007410 0.556796 0.207479
001500 0.205 0.007649 0.581071 0.206240
001600 0.183 0.007331 0.604769 0.205008
001700 0.162 0.006476 0.628503 0.202826
001800 0.143 0.006007 0.646914 0.204451
001900 0.125 0.005476 0.663641 0.206289
002000 0.107 0.005862 0.679012 0.207639
002100 0.091 0.005840 0.695169 0.208024
002200 0.076 0.005947 0.708640 0.209260
002300 0.063 0.006171 0.719872 0.211103
002400 0.052 0.006270 0.729555 0.212644
002500 0.042 0.006259 0.741974 0.209865
002600 0.034 0.006906 0.750951 0.208399
002700 0.027 0.007088 0.758906 0.207135
002800 0.021 0.006721 0.765398 0.206771
002900 0.016 0.007076 0.770459 0.206603
003000 0.012 0.007833 0.773155 0.207236
003100 0.008 0.007825 0.773416 0.210474
003200 0.006 0.007453 0.775958 0.210658
003300 0.004 0.007528 0.777747 0.210685
003400 0.003 0.007213 0.776870 0.213310
003500 0.001 0.006603 0.778444 0.213475
003600 0.001 0.006392 0.778344 0.214501
003700 0.000 0.006520 0.780070 0.213138
003800 0.000 0.006649 0.782297 0.211054
003900 0.000 0.006906 0.782318 0.210776
004000 0.000 0.006398 0.785456 0.208146
004100 0.000 0.005901 0.785471 0.208628
004200 0.000 0.005751 0.785974 0.208276
004300 0.000 0.005588 0.782740 0.211672
004400 0.000 0.006097 0.783422 0.210481
004500 0.000 0.005806 0.785238 0.208956
004600 0.000 0.005417 0.786118 0.208465
004700 0.000 0.005441 0.785248 0.209311
004800 0.000 0.005440 0.784976 0.209585
004900 0.000 0.005150 0.785979 0.208871
005000 0.000 0.005493 0.784578 0.209928
005100 0.000 0.005789 0.783860 0.210351
005200 0.000 0.006112 0.781647 0.212240
005300 0.000 0.005956 0.783658 0.210386
005400 0.000 0.006007 0.783193 0.210800
005500 0.000 0.006092 0.785467 0.208440
005600 0.000 0.006131 0.785578 0.208291
005700 0.000 0.005599 0.783764 0.210638
005800 0.000 0.005249 0.786668 0.208083
005900 0.000 0.005311 0.786642 0.208047
006000 0.000 0.005048 0.785967 0.208985
006100 0.000 0.004551 0.785726 0.209723
006200 0.000 0.004736 0.783352 0.211912
006300 0.000 0.004687 0.782720 0.212592
006400 0.000 0.004637 0.783151 0.212212
006500 0.000 0.004210 0.784476 0.211314
006600 0.000 0.004054 0.785783 0.210163
006700 0.000 0.003985 0.785540 0.210476
006800 0.000 0.004206 0.785715 0.210079
006900 0.000 0.004415 0.785024 0.210561
007000 0.000 0.004474 0.784285 0.211242
007100 0.000 0.004681 0.784161 0.211158
007200 0.000 0.005010 0.782829 0.212161
007300 0.000 0.004552 0.781310 0.214138
007400 0.000 0.004160 0.782619 0.213221
007500 0.000 0.004303 0.782208 0.213488
007600 0.000 0.004147 0.780012 0.215841
007700 0.000 0.004058 0.781678 0.214264
007800 0.000 0.004062 0.782927 0.213011
007900 0.000 0.004877 0.779585 0.215537
008000 0.000 0.004551 0.779835 0.215614
008100 0.000 0.004436 0.781148 0.214416
008200 0.000 0.003948 0.779049 0.217003
008300 0.000 0.003667 0.779813 0.216521
008400 0.000 0.004018 0.782214 0.213768
008500 0.000 0.004331 0.781806 0.213864
008600 0.000 0.004584 0.783290 0.212126
008700 0.000 0.004434 0.783233 0.212333
008800 0.000 0.004517 0.782826 0.212656
008900 0.000 0.003888 0.781443 0.214669
009000 0.000 0.003742 0.780068 0.216190
009100 0.000 0.004262 0.779371 0.216367
009200 0.000 0.004224 0.778569 0.217208
009300 0.000 0.004039 0.778026 0.217935
009400 0.000 0.004604 0.775250 0.220146
009500 0.000 0.004585 0.774646 0.220769
009600 0.000 0.005000 0.774062 0.220938
009700 0.000 0.004826 0.773591 0.221583
009800 0.000 0.004467 0.773928 0.221606
009900 0.000 0.004475 0.773728 0.221797
010000 0.000 0.004731 0.773315 0.221954
010100 0.000 0.004714 0.770931 0.224355
010200 0.000 0.004177 0.770009 0.225814
010300 0.000 0.004537 0.770281 0.225181
010400 0.000 0.004307 0.771467 0.224226
010500 0.000 0.004577 0.770877 0.224546
010600 0.000 0.004831 0.768767 0.226402
010700 0.000 0.004442 0.768311 0.227247
010800 0.000 0.004485 0.766771 0.228744
010900 0.000 0.004112 0.771673 0.224215
011000 0.000 0.003867 0.772850 0.223283
011100 0.000 0.004006 0.772738 0.223256
011200 0.000 0.004172 0.773266 0.222562
011300 0.000 0.003873 0.774874 0.221253
011400 0.000 0.003949 0.774324 0.221727
011500 0.000 0.003651 0.775754 0.220594
011600 0.000 0.003570 0.777398 0.219032
011700 0.000 0.003847 0.778850 0.217303
011800 0.000 0.003669 0.780244 0.216087
011900 0.000 0.003565 0.779013 0.217422
012000 0.000 0.003499 0.779063 0.217438
012100 0.000 0.003424 0.781948 0.214628
012200 0.000 0.002777 0.782532 0.214691
012300 0.000 0.002930 0.781428 0.215642
012400 0.000 0.002725 0.782405 0.214870
012500 0.000 0.002758 0.781624 0.215617
012600 0.000 0.002828 0.782819 0.214353
012700 0.000 0.002567 0.784186 0.213247
012800 0.000 0.002611 0.784162 0.213226
012900 0.000 0.002722 0.783086 0.214192
013000 0.000 0.003060 0.779510 0.217431
013100 0.000 0.003219 0.782098 0.214683
013200 0.000 0.002949 0.782162 0.214889
013300 0.000 0.002683 0.781722 0.215596
013400 0.000 0.002934 0.781226 0.215840
013500 0.000 0.003508 0.778369 0.218124
013600 0.000 0.003987 0.779749 0.216264
013700 0.000 0.003940 0.780469 0.215590
013800 0.000 0.003687 0.778292 0.218021
013900 0.000 0.004404 0.774726 0.220870
014000 0.000 0.004697 0.771339 0.223964
014100 0.000 0.004734 0.769728 0.225538
014200 0.000 0.004796 0.770853 0.224351
014300 0.000 0.004794 0.771761 0.223445
014400 0.000 0.005215 0.770112 0.224674
014500 0.000 0.005209 0.770362 0.224429
014600 0.000 0.005610 0.771582 0.222808
014700 0.000 0.005719 0.773623 0.220658
014800 0.000 0.005787 0.773445 0.220768
014900 0.000 0.006078 0.774803 0.219119
015000 0.000 0.006082 0.774304 0.219614
015100 0.000 0.006492 0.773718 0.219790
015200 0.000 0.006113 0.773747 0.220140
015300 0.000 0.005980 0.773746 0.220274
015400 0.000 0.006356 0.774901 0.218743
015500 0.000 0.006387 0.771692 0.221921
015600 0.000 0.006517 0.771774 0.221708
015700 0.000 0.005887 0.772530 0.221583
015800 0.000 0.005849 0.773281 0.220870
015900 0.000 0.006117 0.769444 0.224440
016000 0.000 0.006124 0.770569 0.223306
016100 0.000 0.006179 0.770544 0.223277
016200 0.000 0.006747 0.767724 0.225529
016300 0.000 0.006919 0.768304 0.224776
016400 0.000 0.007114 0.768838 0.224048
016500 0.000 0.006922 0.767964 0.225114
016600 0.000 0.006923 0.766894 0.226183
016700 0.000 0.006862 0.765704 0.227434
016800 0.000 0.007167 0.765134 0.227699
016900 0.000 0.007490 0.765828 0.226681
017000 0.000 0.007485 0.763638 0.228876
017100 0.000 0.007136 0.764421 0.228443
017200 0.000 0.007508 0.763744 0.228748
017300 0.000 0.007535 0.764958 0.227508
017400 0.000 0.007318 0.766908 0.225774
017500 0.000 0.006824 0.764742 0.228434
017600 0.000 0.007638 0.764854 0.227508
017700 0.000 0.007385 0.765517 0.227097
017800 0.000 0.007517 0.766647 0.225836
017900 0.000 0.007595 0.768126 0.224279
018000 0.000 0.007509 0.767167 0.225324
018100 0.000 0.007828 0.769869 0.222303
018200 0.000 0.007787 0.770603 0.221610
018300 0.000 0.008001 0.769153 0.222846
018400 0.000 0.007833 0.767280 0.224887
018500 0.000 0.008056 0.766685 0.225258
018600 0.000 0.007856 0.765236 0.226908
018700 0.000 0.008204 0.762960 0.228835
018800 0.000 0.008319 0.761968 0.229712
018900 0.000 0.007916 0.764635 0.227449
019000 0.000 0.008276 0.765997 0.225727
019100 0.000 0.008875 0.766151 0.224974
019200 0.000 0.008683 0.765150 0.226167
019300 0.000 0.009033 0.763434 0.227533
019400 0.000 0.009357 0.764666 0.225977
019500 0.000 0.008796 0.764512 0.226692
019600 0.000 0.008158 0.763344 0.228498
019700 0.000 0.008824 0.760915 0.230262
019800 0.000 0.008477 0.758924 0.232599
019900 0.000 0.007912 0.760697 0.231391
020000 0.000 0.008513 0.760972 0.230515
020100 0.000 0.008149 0.763320 0.228531
020200 0.000 0.008668 0.761572 0.229760
020300 0.000 0.008798 0.762683 0.228519
020400 0.000 0.009137 0.763610 0.227253
020500 0.000 0.008977 0.764426 0.226597
020600 0.000 0.009204 0.764703 0.226093
020700 0.000 0.008795 0.762115 0.229090
020800 0.000 0.008633 0.759643 0.231724
020900 0.000 0.009025 0.758285 0.232690
021000 0.000 0.009256 0.759629 0.231115
021100 0.000 0.008753 0.761180 0.230067
021200 0.000 0.009095 0.760987 0.229918
021300 0.000 0.009333 0.762497 0.228171
021400 0.000 0.009498 0.765319 0.225183
021500 0.000 0.009413 0.765084 0.225503
021600 0.000 0.009175 0.766835 0.223990
021700 0.000 0.009389 0.766014 0.224597
021800 0.000 0.008928 0.766803 0.224268
021900 0.000 0.009336 0.767665 0.222999
022000 0.000 0.009315 0.768918 0.221767
022100 0.000 0.008837 0.771166 0.219997
022200 0.000 0.008556 0.771257 0.220188
022300 0.000 0.008445 0.770020 0.221535
022400 0.000 0.008168 0.771944 0.219888
022500 0.000 0.008540 0.769995 0.221465
022600 0.000 0.008083 0.769673 0.222244
022700 0.000 0.007749 0.766801 0.225450
022800 0.000 0.007125 0.767312 0.225562
022900 0.000 0.006812 0.767069 0.226119
023000 0.000 0.006671 0.766774 0.226556
023100 0.000 0.006494 0.765897 0.227609
023200 0.000 0.005501 0.765142 0.229357
023300 0.000 0.006058 0.763495 0.230447
023400 0.000 0.006257 0.763428 0.230315
023500 0.000 0.005974 0.761449 0.232578
023600 0.000 0.006317 0.759395 0.234288
023700 0.000 0.006137 0.757985 0.235878
023800 0.000 0.005785 0.754330 0.239885
023900 0.000 0.005685 0.754212 0.240103
024000 0.000 0.005220 0.755639 0.239141
024100 0.000 0.005181 0.754686 0.240133
024200 0.000 0.005065 0.755928 0.239008
024300 0.000 0.004883 0.756751 0.238366
024400 0.000 0.004984 0.755700 0.239316
024500 0.000 0.004908 0.757218 0.237874
024600 0.000 0.004883 0.756034 0.239083
024700 0.000 0.005240 0.754047 0.240712
024800 0.000 0.005128 0.753117 0.241754
024900 0.000 0.004916 0.753065 0.242019
025000 0.000 0.004480 0.750508 0.245012
025100 0.000 0.004350 0.751179 0.244471
025200 0.000 0.004769 0.751830 0.243401
025300 0.000 0.004769 0.751830 0.243401
025400 0.000 0.004769 0.751830 0.243401
025500 0.000 0.004769 0.751830 0.243401
025600 0.000 0.004769 0.751830 0.243401
025700 0.000 0.004769 0.751830 0.243401
025800 0.000 0.004769 0.751830 0.243401
025900 0.000 0.004769 0.751830 0.243401
026000 0.000 0.004769 0.751830 0.243401
026100 0.000 0.004769 0.751830 0.243401
026200 0.000 0.004769 0.751830 0.243401
026300 0.000 0.004769 0.751830 0.243401
026400 0.000 0.004769 0.751830 0.243401
026500 0.000 0.004769 0.751830 0.243401
026600 0.000 0.004769 0.751830 0.243401
026700 0.000 0.004769 0.751830 0.243401
026800 0.000 0.004769 0.751830 0.243401
026900 0.000 0.004769 0.751830 0.243401
027000 0.000 0.004769 0.751830 0.243401
027100 0.000 0.004769 0.751830 0.243401
027200 0.000 0.004769 0.751830 0.243401
027300 0.000 0.004769 0.751830 0.243401
027400 0.000 0.004769 0.751830 0.243401
027500 0.000 0.004769 0.751830 0.243401
027600 0.000 0.004769 0.751830 0.243401
027700 0.000 0.004769 0.751830 0.243401
027800 0.000 0.004769 0.751830 0.243401
027900 0.000 0.004769 0.751830 0.243401
028000 0.000 0.004769 0.751830 0.243401
028100 0.000 0.004769 0.751830 0.243401
028200 0.000 0.004769 0.751830 0.243401
028300 0.000 0.004769 0.751830 0.243401
028400 0.000 0.004769 0.751830 0.243401
028500 0.000 0.004769 0.751830 0.243401
028600 0.000 0.004769 0.751830 0.243401
028700 0.000 0.004769 0.751830 0.243401
028800 0.000 0.004769 0.751830 0.243401
028900 0.000 0.004769 0.751830 0.243401
029000 0.000 0.004769 0.751830 0.243401
029100 0.000 0.004769 0.751830 0.243401
029200 0.000 0.004769 0.751830 0.243401
029300 0.000 0.004769 0.751830 0.243401
029400 0.000 0.004769 0.751830 0.243401
029500 0.000 0.004769 0.751830 0.243401
029600 0.000 0.004769 0.751830 0.243401
029700 0.000 0.004769 0.751830 0.243401
029800 0.000 0.004769 0.751830 0.243401
029900 0.000 0.004769 0.751830 0.243401
030000 0.000 0.004769 0.751830 0.243401
030100 0.000 0.004769 0.751830 0.243401
030200 0.000 0.004769 0.751830 0.243401
030300 0.000 0.004769 0.751830 0.243401
030400 0.000 0.004769 0.751830 0.243401
030500 0.000 0.004769 0.751830 0.243401
030600 0.000 0.004769 0.751830 0.243401
030700 0.000 0.004769 0.751830 0.243401
030800 0.000 0.004769 0.751830 0.243401
030900 0.000 0.004769 0.751830 0.243401
031000 0.000 0.004769 0.751830 0.243401
031100 0.000 0.004769 0.751830 0.243401
031200 0.000 0.004769 0.751830 0.243401
031300 0.000 0.004769 0.751830 0.243401
031400 0.000 0.004769 0.751830 0.243401
031500 0.000 0.004769 0.751830 0.243401
031600 0.000 0.004769 0.751830 0.243401
031700 0.000 0.004769 0.751830 0.243401
031800 0.000 0.004769 0.751830 0.243401
031900 0.000 0.004769 0.751830 0.243401
032000 0.000 0.004769 0.751830 0.243401
032100 0.000 0.004769 0.751830 0.243401
032200 0.000 0.004769 0.751830 0.243401
032300 0.000 0.004769 0.751830 0.243401
032400 0.000 0.004769 0.751830 0.243401
032500 0.000 0.004769 0.751830 0.243401
032600 0.000 0.004769 0.751830 0.243401
032700 0.000 0.004769 0.751830 0.243401
032800 0.000 0.004769 0.751830 0.243401
032900 0.000 0.004769 0.751830 0.243401
033000 0.000 0.004769 0.751830 0.243401
033100 0.000 0.004769 0.751830 0.243401
033200 0.000 0.004769 0.751830 0.243401
033300 0.000 0.004769 0.751830 0.243401
033400 0.000 0.004769 0.751830 0.243401
033500 0.000 0.004769 0.751830 0.243401
033600 0.000 0.004769 0.751830 0.243401
033700 0.000 0.004769 0.751830 0.243401
033800 0.000 0.004769 0.751830 0.243401
033900 0.000 0.004769 0.751830 0.243401
034000 0.000 0.004769 0.751830 0.243401
034100 0.000 0.004769 0.751830 0.243401
034200 0.000 0.004769 0.751830 0.243401
034300 0.000 0.004769 0.751830 0.243401
034400 0.000 0.004769 0.751830 0.243401
034500 0.000 0.004769 0.751830 0.243401
034600 0.000 0.004769 0.751830 0.243401
034700 0.000 0.004769 0.751830 0.243401
034800 0.000 0.004769 0.751830 0.243401
034900 0.000 0.004769 0.751830 0.243401
035000 0.000 0.004769 0.751830 0.243401
035100 0.000 0.004769 0.751830 0.243401
035200 0.000 0.004769 0.751830 0.243401
035300 0.000 0.004769 0.751830 0.243401
035400 0.000 0.004769 0.751830 0.243401
035500 0.000 0.004769 0.751830 0.243401
035600 0.000 0.004769 0.751830 0.243401
035700 0.000 0.004769 0.751830 0.243401
035800 0.000 0.004769 0.751830 0.243401
035900 0.000 0.004769 0.751830 0.243401
036000 0.000 0.004769 0.751830 0.243401
036100 0.000 0.004769 0.751830 0.243401
036200 0.000 0.004769 0.751830 0.243401
036300 0.000 0.004769 0.751830 0.243401
036400 0.000 0.004769 0.751830 0.243401
036500 0.000 0.004769 0.751830 0.243401
036600 0.000 0.004769 0.751830 0.243401
036700 0.000 0.004769 0.751830 0.243401
036800 0.000 0.004769 0.751830 0.243401
036900 0.000 0.004769 0.751830 0.243401
037000 0.000 0.004769 0.751830 0.243401
037100 0.000 0.004769 0.751830 0.243401
037200 0.000 0.004769 0.751830 0.243401
037300 0.000 0.004769 0.751830 0.243401
037400 0.000 0.004769 0.751830 0.243401
037500 0.000 0.004769 0.751830 0.243401
037600 0.000 0.004769 0.751830 0.243401
037700 0.000 0.004769 0.751830 0.243401
037800 0.000 0.004769 0.751830 0.243401
037900 0.000 0.004769 0.751830 0.243401
038000 0.000 0.004769 0.751830 0.243401
038100 0.000 0.004769 0.751830 0.243401
038200 0.000 0.004769 0.751830 0.243401
038300 0.000 0.004769 0.751830 0.243401
038400 0.000 0.004769 0.751830 0.243401
038500 0.000 0.004769 0.751830 0.243401
038600 0.000 0.004769 0.751830 0.243401
038700 0.000 0.004769 0.751830 0.243401
038800 0.000 0.004769 0.751830 0.243401
038900 0.000 0.004769 0.751830 0.243401
039000 0.000 0.004769 0.751830 0.243401
039100 0.000 0.004769 0.751830 0.243401
039200 0.000 0.004769 0.751830 0.243401
039300 0.000 0.004769 0.751830 0.243401
039400 0.000 0.004769 0.751830 0.243401
039500 0.000 0.004769 0.751830 0.243401
039600 0.000 0.004769 0.751830 0.243401
039700 0.000 0.004769 0.751830 0.243401
039800 0.000 0.004769 0.751830 0.243401
039900 0.000 0.004769 0.751830 0.243401
040000 0.000 0.004769 0.751830 0.243401
040100 0.000 0.004769 0.751830 0.243401
040200 0.000 0.004769 0.751830 0.243401
040300 0.000 0.004769 0.751830 0.243401
040400 0.000 0.004769 0.751830 0.243401
040500 0.000 0.004769 0.751830 0.243401
040600 0.000 0.004769 0.751830 0.243401
040700 0.000 0.004769 0.751830 0.243401
040800 0.000 0.004769 0.751830 0.243401
040900 0.000 0.004769 0.751830 0.243401
041000 0.000 0.004769 0.751830 0.243401
041100 0.000 0.004769 0.751830 0.243401
041200 0.000 0.004769 0.751830 0.243401
041300 0.000 0.004769 0.751830 0.243401
041400 0.000 0.004769 0.751830 0.243401
041500 0.000 0.004769 0.751830 0.243401
041600 0.000 0.004769 0.751830 0.243401
041700 0.000 0.004769 0.751830 0.243401
041800 0.000 0.004769 0.751830 0.243401
041900 0.000 0.004769 0.751830 0.243401
042000 0.000 0.004769 0.751830 0.243401
042100 0.000 0.004769 0.751830 0.243401
042200 0.000 0.004769 0.751830 0.243401
042300 0.000 0.004769 0.751830 0.243401
042400 0.000 0.004769 0.751830 0.243401
042500 0.000 0.004769 0.751830 0.243401
042600 0.000 0.004769 0.751830 0.243401
042700 0.000 0.004769 0.751830 0.243401
042800 0.000 0.004769 0.751830 0.243401
042900 0.000 0.004769 0.751830 0.243401
043000 0.000 0.004769 0.751830 0.243401
043100 0.000 0.004769 0.751830 0.243401
043200 0.000 0.004769 0.751830 0.243401
043300 0.000 0.004769 0.751830 0.243401
043400 0.000 0.004769 0.751830 0.243401
043500 0.000 0.004769 0.751830 0.243401
043600 0.000 0.004769 0.751830 0.243401
043700 0.000 0.004769 0.751830 0.243401
043800 0.000 0.004769 0.751830 0.243401
043900 0.000 0.004769 0.751830 0.243401
044000 0.000 0.004769 0.751830 0.243401
044100 0.000 0.004769 0.751830 0.243401
044200 0.000 0.004769 0.751830 0.243401
044300 0.000 0.004769 0.751830 0.243401
044400 0.000 0.004769 0.751830 0.243401
044500 0.000 0.004769 0.751830 0.243401
044600 0.000 0.004769 0.751830 0.243401
044700 0.000 0.004769 0.751830 0.243401
044800 0.000 0.004769 0.751830 0.243401
044900 0.000 0.004769 0.751830 0.243401
045000 0.000 0.004769 0.751830 0.243401
045100 0.000 0.004769 0.751830 0.243401
045200 0.000 0.004769 0.751830 0.243401
045300 0.000 0.004769 0.751830 0.243401
045400 0.000 0.004769 0.751830 0.243401
045500 0.000 0.004769 0.751830 0.243401
045600 0.000 0.004769 0.751830 0.243401
045700 0.000 0.004769 0.751830 0.243401
045800 0.000 0.004769 0.751830 0.243401
045900 0.000 0.004769 0.751830 0.243401
046000 0.000 0.004769 0.751830 0.243401
046100 0.000 0.004769 0.751830 0.243401
046200 0.000 0.004769 0.751830 0.243401
046300 0.000 0.004769 0.751830 0.243401
046400 0.000 0.004769 0.751830 0.243401
046500 0.000 0.004769 0.751830 0.243401
046600 0.000 0.004769 0.751830 0.243401
046700 0.000 0.004769 0.751830 0.243401
046800 0.000 0.004769 0.751830 0.243401
046900 0.000 0.004769 0.751830 0.243401
047000 0.000 0.004769 0.751830 0.243401
047100 0.000 0.004769 0.751830 0.243401
047200 0.000 0.004769 0.751830 0.243401
047300 0.000 0.004769 0.751830 0.243401
047400 0.000 0.004769 0.751830 0.243401
047500 0.000 0.004769 0.751830 0.243401
047600 0.000 0.004769 0.751830 0.243401
047700 0.000 0.004769 0.751830 0.243401
047800 0.000 0.004769 0.751830 0.243401
047900 0.000 0.004769 0.751830 0.243401
048000 0.000 0.004769 0.751830 0.243401
048100 0.000 0.004769 0.751830 0.243401
048200 0.000 0.004769 0.751830 0.243401
048300 0.000 0.004769 0.751830 0.243401
048400 0.000 0.004769 0.751830 0.243401
048500 0.000 0.004769 0.751830 0.243401
048600 0.000 0.004769 0.751830 0.243401
048700 0.000 0.004769 0.751830 0.243401
048800 0.000 0.004769 0.751830 0.243401
048900 0.000 0.004769 0.751830 0.243401
049000 0.000 0.004769 0.751830 0.243401
049100 0.000 0.004769 0.751830 0.243401
049200 0.000 0.004769 0.751830 0.243401
049300 0.000 0.004769 0.751830 0.243401
049400 0.000 0.004769 0.751830 0.243401
049500 0.000 0.004769 0.751830 0.243401
049600 0.000 0.004769 0.751830 0.243401
049700 0.000 0.004769 0.751830 0.243401
049800 0.000 0.004769 0.751830 0.243401
049900 0.000 0.004769 0.751830 0.243401
050000 0.000 0.004769 0.751830 0.243401
