(3.5,0.0,0.0) = (1.000,0.000000,0.000000,0.000000)
(3.5,0.0,0.1) = (1.000,0.000000,0.000000,0.000000)
(3.5,0.0,0.2) = (1.000,0.000000,0.000000,0.000000)
(3.5,0.0,0.3) = (1.000,0.000000,0.000000,0.000000)
(3.5,0.0,0.4) = (1.000,0.000000,0.000000,0.000000)
(3.5,0.0,0.5) = (1.000,0.000000,0.000000,0.000000)
(3.5,0.0,0.6) = (1.000,0.000000,0.000000,0.000000)
(3.5,0.0,0.7) = (1.000,0.000000,0.000000,0.000000)
(3.5,0.0,0.8) = (1.000,0.000000,0.000000,0.000000)
(3.5,0.0,0.9) = (1.000,0.000000,0.000000,0.000000)
(3.5,0.0,1.0) = (1.000,0.000000,0.000000,0.000000)
(3.5,0.1,0.0) = (0.000,0.000000,0.480569,0.519431)
(3.5,0.1,0.1) = (0.232,0.000000,0.400564,0.367081)
(3.5,0.1,0.2) = (1.000,0.000000,0.000000,0.000000)
(3.5,0.1,0.3) = (1.000,0.000000,0.000000,0.000000)
(3.5,0.1,0.4) = (1.000,0.000000,0.000000,0.000000)
(3.5,0.1,0.5) = (1.000,0.000000,0.000000,0.000000)
(3.5,0.1,0.6) = (1.000,0.000000,0.000000,0.000000)
(3.5,0.1,0.7) = (1.000,0.000000,0.000000,0.000000)
(3.5,0.1,0.8) = (1.000,0.000000,0.000000,0.000000)
(3.5,0.1,0.9) = (1.000,0.000000,0.000000,0.000000)
(3.5,0.1,1.0) = (1.000,0.000000,0.000000,0.000000)
(3.5,0.2,0.0) = (0.000,0.093992,0.437539,0.468469)
(3.5,0.2,0.1) = (0.000,0.051000,0.576644,0.372356)
(3.5,0.2,0.2) = (0.000,0.000000,0.526708,0.473292)
(3.5,0.2,0.3) = (1.000,0.000000,0.000000,0.000000)
(3.5,0.2,0.4) = (1.000,0.000000,0.000000,0.000000)
(3.5,0.2,0.5) = (1.000,0.000000,0.000000,0.000000)
(3.5,0.2,0.6) = (1.000,0.000000,0.000000,0.000000)
(3.5,0.2,0.7) = (1.000,0.000000,0.000000,0.000000)
(3.5,0.2,0.8) = (1.000,0.000000,0.000000,0.000000)
(3.5,0.2,0.9) = (1.000,0.000000,0.000000,0.000000)
(3.5,0.2,1.0) = (1.000,0.000000,0.000000,0.000000)
(3.5,0.3,0.0) = (0.000,0.249925,0.349517,0.400558)
(3.5,0.3,0.1) = (0.000,0.272208,0.345053,0.382739)
(3.5,0.3,0.2) = (0.000,0.207011,0.369997,0.422992)
(3.5,0.3,0.3) = (0.000,0.085794,0.428789,0.485417)
(3.5,0.3,0.4) = (1.000,0.000000,0.000000,0.000000)
(3.5,0.3,0.5) = (1.000,0.000000,0.000000,0.000000)
(3.5,0.3,0.6) = (1.000,0.000000,0.000000,0.000000)
(3.5,0.3,0.7) = (1.000,0.000000,0.000000,0.000000)
(3.5,0.3,0.8) = (1.000,0.000000,0.000000,0.000000)
(3.5,0.3,0.9) = (1.000,0.000000,0.000000,0.000000)
(3.5,0.3,1.0) = (1.000,0.000000,0.000000,0.000000)
(3.5,0.4,0.0) = (0.000,0.300981,0.325347,0.373672)
(3.5,0.4,0.1) = (0.000,0.272831,0.315814,0.411356)
(3.5,0.4,0.2) = (0.000,0.269617,0.419014,0.311369)
(3.5,0.4,0.3) = (0.000,0.272675,0.403961,0.323364)
(3.5,0.4,0.4) = (0.000,0.199133,0.350903,0.449964)
(3.5,0.4,0.5) = (0.814,0.027831,0.118458,0.039497)
(3.5,0.4,0.6) = (1.000,0.000000,0.000000,0.000000)
(3.5,0.4,0.7) = (1.000,0.000000,0.000000,0.000000)
(3.5,0.4,0.8) = (1.000,0.000000,0.000000,0.000000)
(3.5,0.4,0.9) = (1.000,0.000000,0.000000,0.000000)
(3.5,0.4,1.0) = (1.000,0.000000,0.000000,0.000000)
(3.5,0.5,0.0) = (0.000,0.275608,0.420008,0.304383)
(3.5,0.5,0.1) = (0.000,0.365764,0.296775,0.337461)
(3.5,0.5,0.2) = (0.000,0.355767,0.329436,0.314797)
(3.5,0.5,0.3) = (0.000,0.357617,0.320969,0.321414)
(3.5,0.5,0.4) = (0.000,0.360758,0.284900,0.354342)
(3.5,0.5,0.5) = (0.000,0.219811,0.461383,0.318806)
(3.5,0.5,0.6) = (0.000,0.150250,0.657139,0.192611)
(3.5,0.5,0.7) = (1.000,0.000000,0.000000,0.000000)
(3.5,0.5,0.8) = (1.000,0.000000,0.000000,0.000000)
(3.5,0.5,0.9) = (1.000,0.000000,0.000000,0.000000)
(3.5,0.5,1.0) = (1.000,0.000000,0.000000,0.000000)
(3.5,0.6,0.0) = (0.000,0.296572,0.318644,0.384783)
(3.5,0.6,0.1) = (0.000,0.370825,0.312453,0.316722)
(3.5,0.6,0.2) = (0.000,0.423611,0.242139,0.334250)
(3.5,0.6,0.3) = (0.000,0.444106,0.296047,0.259847)
(3.5,0.6,0.4) = (0.000,0.399006,0.336253,0.264742)
(3.5,0.6,0.5) = (0.000,0.334331,0.362881,0.302789)
(3.5,0.6,0.6) = (0.000,0.272192,0.459342,0.268467)
(3.5,0.6,0.7) = (0.000,0.182644,0.639622,0.177733)
(3.5,0.6,0.8) = (0.995,0.002008,0.002472,0.000631)
(3.5,0.6,0.9) = (1.000,0.000000,0.000000,0.000000)
(3.5,0.6,1.0) = (1.000,0.000000,0.000000,0.000000)
(3.5,0.7,0.0) = (0.000,0.346506,0.338331,0.315164)
(3.5,0.7,0.1) = (0.000,0.377197,0.416289,0.206514)
(3.5,0.7,0.2) = (0.000,0.329628,0.370317,0.300056)
(3.5,0.7,0.3) = (0.000,0.425564,0.271572,0.302864)
(3.5,0.7,0.4) = (0.000,0.389594,0.257653,0.352753)
(3.5,0.7,0.5) = (0.000,0.366297,0.349367,0.284336)
(3.5,0.7,0.6) = (0.000,0.273514,0.420581,0.305906)
(3.5,0.7,0.7) = (0.000,0.297183,0.427119,0.275697)
(3.5,0.7,0.8) = (0.000,0.180728,0.633681,0.185592)
(3.5,0.7,0.9) = (0.958,0.020531,0.021469,0.000247)
(3.5,0.7,1.0) = (1.000,0.000000,0.000000,0.000000)
(3.5,0.8,0.0) = (0.000,0.327975,0.300556,0.371469)
(3.5,0.8,0.1) = (0.000,0.273175,0.387033,0.339792)
(3.5,0.8,0.2) = (0.000,0.415453,0.270122,0.314425)
(3.5,0.8,0.3) = (0.000,0.390792,0.350089,0.259119)
(3.5,0.8,0.4) = (0.000,0.454817,0.307836,0.237347)
(3.5,0.8,0.5) = (0.000,0.450308,0.246047,0.303644)
(3.5,0.8,0.6) = (0.000,0.354864,0.295908,0.349228)
(3.5,0.8,0.7) = (0.000,0.278628,0.414147,0.307225)
(3.5,0.8,0.8) = (0.000,0.290842,0.428375,0.280783)
(3.5,0.8,0.9) = (0.000,0.180131,0.598214,0.221656)
(3.5,0.8,1.0) = (0.531,0.151972,0.305611,0.011803)
(3.5,0.9,0.0) = (0.000,0.283139,0.330433,0.386428)
(3.5,0.9,0.1) = (0.000,0.357197,0.286183,0.356619)
(3.5,0.9,0.2) = (0.000,0.424300,0.281525,0.294175)
(3.5,0.9,0.3) = (0.000,0.415700,0.306336,0.277964)
(3.5,0.9,0.4) = (0.000,0.443478,0.290797,0.265725)
(3.5,0.9,0.5) = (0.000,0.478439,0.256817,0.264744)
(3.5,0.9,0.6) = (0.000,0.461847,0.323317,0.214836)
(3.5,0.9,0.7) = (0.000,0.429567,0.307578,0.262856)
(3.5,0.9,0.8) = (0.000,0.287122,0.383631,0.329247)
(3.5,0.9,0.9) = (0.000,0.290011,0.459508,0.250481)
(3.5,0.9,1.0) = (0.002,0.185106,0.676300,0.136714)
(3.5,1.0,0.0) = (0.000,0.399678,0.354264,0.246058)
(3.5,1.0,0.1) = (0.000,0.418794,0.289397,0.291808)
(3.5,1.0,0.2) = (0.000,0.390567,0.344906,0.264528)
(3.5,1.0,0.3) = (0.000,0.495686,0.252750,0.251564)
(3.5,1.0,0.4) = (0.000,0.458361,0.297281,0.244358)
(3.5,1.0,0.5) = (0.000,0.472222,0.337186,0.190592)
(3.5,1.0,0.6) = (0.000,0.466989,0.302378,0.230633)
(3.5,1.0,0.7) = (0.000,0.467703,0.301322,0.230975)
(3.5,1.0,0.8) = (0.000,0.372564,0.368689,0.258747)
(3.5,1.0,0.9) = (0.000,0.283186,0.422150,0.294664)
(3.5,1.0,1.0) = (0.000,0.297508,0.393050,0.309442)
