(3.5,0.0,0.0) = (1.000,0.000000,0.000000,0.000000)
(3.5,0.0,0.1) = (1.000,0.000000,0.000000,0.000000)
(3.5,0.0,0.2) = (1.000,0.000000,0.000000,0.000000)
(3.5,0.0,0.3) = (1.000,0.000000,0.000000,0.000000)
(3.5,0.0,0.4) = (1.000,0.000000,0.000000,0.000000)
(3.5,0.0,0.5) = (1.000,0.000000,0.000000,0.000000)
(3.5,0.0,0.6) = (1.000,0.000000,0.000000,0.000000)
(3.5,0.0,0.7) = (1.000,0.000000,0.000000,0.000000)
(3.5,0.0,0.8) = (1.000,0.000000,0.000000,0.000000)
(3.5,0.0,0.9) = (1.000,0.000000,0.000000,0.000000)
(3.5,0.0,1.0) = (1.000,0.000000,0.000000,0.000000)
(3.5,0.1,0.0) = (0.000,0.000000,0.000000,1.000000)
(3.5,0.1,0.1) = (0.232,0.000000,0.000000,0.768025)
(3.5,0.1,0.2) = (1.000,0.000000,0.000000,0.000000)
(3.5,0.1,0.3) = (1.000,0.000000,0.000000,0.000000)
(3.5,0.1,0.4) = (1.000,0.000000,0.000000,0.000000)
(3.5,0.1,0.5) = (1.000,0.000000,0.000000,0.000000)
(3.5,0.1,0.6) = (1.000,0.000000,0.000000,0.000000)
(3.5,0.1,0.7) = (1.000,0.000000,0.000000,0.000000)
(3.5,0.1,0.8) = (1.000,0.000000,0.000000,0.000000)
(3.5,0.1,0.9) = (1.000,0.000000,0.000000,0.000000)
(3.5,0.1,1.0) = (1.000,0.000000,0.000000,0.000000)
(3.5,0.2,0.0) = (0.000,0.044375,0.206439,0.749186)
(3.5,0.2,0.1) = (0.000,0.027311,0.000000,0.972689)
(3.5,0.2,0.2) = (0.000,0.000000,0.000000,1.000000)
(3.5,0.2,0.3) = (1.000,0.000000,0.000000,0.000000)
(3.5,0.2,0.4) = (1.000,0.000000,0.000000,0.000000)
(3.5,0.2,0.5) = (1.000,0.000000,0.000000,0.000000)
(3.5,0.2,0.6) = (1.000,0.000000,0.000000,0.000000)
(3.5,0.2,0.7) = (1.000,0.000000,0.000000,0.000000)
(3.5,0.2,0.8) = (1.000,0.000000,0.000000,0.000000)
(3.5,0.2,0.9) = (1.000,0.000000,0.000000,0.000000)
(3.5,0.2,1.0) = (1.000,0.000000,0.000000,0.000000)
(3.5,0.3,0.0) = (0.000,0.106897,0.311222,0.581881)
(3.5,0.3,0.1) = (0.000,0.211261,0.000000,0.788739)
(3.5,0.3,0.2) = (0.000,0.116861,0.000000,0.883139)
(3.5,0.3,0.3) = (0.000,0.042414,0.000000,0.957586)
(3.5,0.3,0.4) = (1.000,0.000000,0.000000,0.000000)
(3.5,0.3,0.5) = (1.000,0.000000,0.000000,0.000000)
(3.5,0.3,0.6) = (1.000,0.000000,0.000000,0.000000)
(3.5,0.3,0.7) = (1.000,0.000000,0.000000,0.000000)
(3.5,0.3,0.8) = (1.000,0.000000,0.000000,0.000000)
(3.5,0.3,0.9) = (1.000,0.000000,0.000000,0.000000)
(3.5,0.3,1.0) = (1.000,0.000000,0.000000,0.000000)
(3.5,0.4,0.0) = (0.000,0.261764,0.355583,0.382653)
(3.5,0.4,0.1) = (0.000,0.315681,0.000000,0.684319)
(3.5,0.4,0.2) = (0.000,0.274131,0.000000,0.725869)
(3.5,0.4,0.3) = (0.000,0.249325,0.000000,0.750675)
(3.5,0.4,0.4) = (0.000,0.161792,0.000000,0.838208)
(3.5,0.4,0.5) = (1.000,0.000000,0.000000,0.000000)
(3.5,0.4,0.6) = (1.000,0.000000,0.000000,0.000000)
(3.5,0.4,0.7) = (1.000,0.000000,0.000000,0.000000)
(3.5,0.4,0.8) = (1.000,0.000000,0.000000,0.000000)
(3.5,0.4,0.9) = (1.000,0.000000,0.000000,0.000000)
(3.5,0.4,1.0) = (1.000,0.000000,0.000000,0.000000)
(3.5,0.5,0.0) = (0.000,0.263458,0.364614,0.371928)
(3.5,0.5,0.1) = (0.000,0.434867,0.000000,0.565133)
(3.5,0.5,0.2) = (0.000,0.394069,0.000000,0.605931)
(3.5,0.5,0.3) = (0.000,0.412014,0.000000,0.587986)
(3.5,0.5,0.4) = (0.000,0.303003,0.000000,0.696997)
(3.5,0.5,0.5) = (0.000,0.186800,0.000000,0.813200)
(3.5,0.5,0.6) = (0.002,0.145100,0.000000,0.852756)
(3.5,0.5,0.7) = (1.000,0.000000,0.000000,0.000000)
(3.5,0.5,0.8) = (1.000,0.000000,0.000000,0.000000)
(3.5,0.5,0.9) = (1.000,0.000000,0.000000,0.000000)
(3.5,0.5,1.0) = (1.000,0.000000,0.000000,0.000000)
(3.5,0.6,0.0) = (0.000,0.276131,0.393481,0.330389)
(3.5,0.6,0.1) = (0.000,0.466281,0.000000,0.533719)
(3.5,0.6,0.2) = (0.000,0.508442,0.000000,0.491558)
(3.5,0.6,0.3) = (0.000,0.388369,0.000000,0.611631)
(3.5,0.6,0.4) = (0.000,0.427531,0.000000,0.572469)
(3.5,0.6,0.5) = (0.000,0.353697,0.000000,0.646303)
(3.5,0.6,0.6) = (0.000,0.238033,0.000000,0.761967)
(3.5,0.6,0.7) = (0.005,0.172481,0.000000,0.822031)
(3.5,0.6,0.8) = (1.000,0.000000,0.000000,0.000000)
(3.5,0.6,0.9) = (1.000,0.000000,0.000000,0.000000)
(3.5,0.6,1.0) = (1.000,0.000000,0.000000,0.000000)
(3.5,0.7,0.0) = (0.000,0.278167,0.327822,0.394011)
(3.5,0.7,0.1) = (0.000,0.529942,0.000000,0.470058)
(3.5,0.7,0.2) = (0.000,0.411072,0.000000,0.588928)
(3.5,0.7,0.3) = (0.000,0.450344,0.000000,0.549656)
(3.5,0.7,0.4) = (0.000,0.401683,0.000000,0.598317)
(3.5,0.7,0.5) = (0.000,0.340114,0.000000,0.659886)
(3.5,0.7,0.6) = (0.000,0.329192,0.000000,0.670808)
(3.5,0.7,0.7) = (0.000,0.306133,0.000000,0.693867)
(3.5,0.7,0.8) = (0.000,0.141842,0.000000,0.858158)
(3.5,0.7,0.9) = (0.955,0.021969,0.000000,0.023236)
(3.5,0.7,1.0) = (1.000,0.000000,0.000000,0.000000)
(3.5,0.8,0.0) = (0.000,0.292675,0.353156,0.354169)
(3.5,0.8,0.1) = (0.000,0.507017,0.000000,0.492983)
(3.5,0.8,0.2) = (0.000,0.544294,0.000000,0.455706)
(3.5,0.8,0.3) = (0.000,0.517875,0.000000,0.482125)
(3.5,0.8,0.4) = (0.000,0.421456,0.000000,0.578544)
(3.5,0.8,0.5) = (0.000,0.501183,0.000000,0.498817)
(3.5,0.8,0.6) = (0.000,0.356806,0.000000,0.643194)
(3.5,0.8,0.7) = (0.000,0.311036,0.000000,0.688964)
(3.5,0.8,0.8) = (0.000,0.258253,0.000000,0.741747)
(3.5,0.8,0.9) = (0.000,0.229456,0.000000,0.770544)
(3.5,0.8,1.0) = (0.783,0.087058,0.000000,0.129519)
(3.5,0.9,0.0) = (0.000,0.338642,0.360308,0.301050)
(3.5,0.9,0.1) = (0.000,0.426169,0.000000,0.573831)
(3.5,0.9,0.2) = (0.000,0.635558,0.000000,0.364442)
(3.5,0.9,0.3) = (0.000,0.429828,0.000000,0.570172)
(3.5,0.9,0.4) = (0.000,0.577133,0.000000,0.422867)
(3.5,0.9,0.5) = (0.000,0.409531,0.000000,0.590469)
(3.5,0.9,0.6) = (0.000,0.482689,0.000000,0.517311)
(3.5,0.9,0.7) = (0.000,0.349142,0.000000,0.650858)
(3.5,0.9,0.8) = (0.000,0.271328,0.000000,0.728672)
(3.5,0.9,0.9) = (0.000,0.304911,0.000000,0.695089)
(3.5,0.9,1.0) = (0.000,0.211200,0.000000,0.788800)
(3.5,1.0,0.0) = (0.000,0.392383,0.301314,0.306303)
(3.5,1.0,0.1) = (0.000,0.488278,0.000000,0.511722)
(3.5,1.0,0.2) = (0.000,0.505936,0.000000,0.494064)
(3.5,1.0,0.3) = (0.000,0.644097,0.000000,0.355903)
(3.5,1.0,0.4) = (0.000,0.518653,0.000000,0.481347)
(3.5,1.0,0.5) = (0.000,0.522478,0.000000,0.477522)
(3.5,1.0,0.6) = (0.000,0.432278,0.000000,0.567722)
(3.5,1.0,0.7) = (0.000,0.412039,0.000000,0.587961)
(3.5,1.0,0.8) = (0.000,0.305444,0.000000,0.694556)
(3.5,1.0,0.9) = (0.000,0.290469,0.000000,0.709531)
(3.5,1.0,1.0) = (0.000,0.260536,0.000000,0.739464)
