(2.5,0.0,0.0) = (1.000,0.000000,0.000000,0.000000)
(2.5,0.0,0.1) = (1.000,0.000000,0.000000,0.000000)
(2.5,0.0,0.2) = (1.000,0.000000,0.000000,0.000000)
(2.5,0.0,0.3) = (1.000,0.000000,0.000000,0.000000)
(2.5,0.0,0.4) = (1.000,0.000000,0.000000,0.000000)
(2.5,0.0,0.5) = (1.000,0.000000,0.000000,0.000000)
(2.5,0.0,0.6) = (1.000,0.000000,0.000000,0.000000)
(2.5,0.0,0.7) = (1.000,0.000000,0.000000,0.000000)
(2.5,0.0,0.8) = (1.000,0.000000,0.000000,0.000000)
(2.5,0.0,0.9) = (1.000,0.000000,0.000000,0.000000)
(2.5,0.0,1.0) = (1.000,0.000000,0.000000,0.000000)
(2.5,0.1,0.0) = (1.000,0.000000,0.000000,0.000000)
(2.5,0.1,0.1) = (1.000,0.000000,0.000000,0.000000)
(2.5,0.1,0.2) = (1.000,0.000000,0.000000,0.000000)
(2.5,0.1,0.3) = (1.000,0.000000,0.000000,0.000000)
(2.5,0.1,0.4) = (1.000,0.000000,0.000000,0.000000)
(2.5,0.1,0.5) = (1.000,0.000000,0.000000,0.000000)
(2.5,0.1,0.6) = (1.000,0.000000,0.000000,0.000000)
(2.5,0.1,0.7) = (1.000,0.000000,0.000000,0.000000)
(2.5,0.1,0.8) = (1.000,0.000000,0.000000,0.000000)
(2.5,0.1,0.9) = (1.000,0.000000,0.000000,0.000000)
(2.5,0.1,1.0) = (1.000,0.000000,0.000000,0.000000)
(2.5,0.2,0.0) = (0.000,0.022358,0.466856,0.510786)
(2.5,0.2,0.1) = (1.000,0.000000,0.000000,0.000000)
(2.5,0.2,0.2) = (1.000,0.000000,0.000000,0.000000)
(2.5,0.2,0.3) = (1.000,0.000000,0.000000,0.000000)
(2.5,0.2,0.4) = (1.000,0.000000,0.000000,0.000000)
(2.5,0.2,0.5) = (1.000,0.000000,0.000000,0.000000)
(2.5,0.2,0.6) = (1.000,0.000000,0.000000,0.000000)
(2.5,0.2,0.7) = (1.000,0.000000,0.000000,0.000000)
(2.5,0.2,0.8) = (1.000,0.000000,0.000000,0.000000)
(2.5,0.2,0.9) = (1.000,0.000000,0.000000,0.000000)
(2.5,0.2,1.0) = (1.000,0.000000,0.000000,0.000000)
(2.5,0.3,0.0) = (0.000,0.045011,0.298903,0.656086)
(2.5,0.3,0.1) = (0.000,0.023442,0.405872,0.570686)
(2.5,0.3,0.2) = (1.000,0.000000,0.000000,0.000000)
(2.5,0.3,0.3) = (1.000,0.000000,0.000000,0.000000)
(2.5,0.3,0.4) = (1.000,0.000000,0.000000,0.000000)
(2.5,0.3,0.5) = (1.000,0.000000,0.000000,0.000000)
(2.5,0.3,0.6) = (1.000,0.000000,0.000000,0.000000)
(2.5,0.3,0.7) = (1.000,0.000000,0.000000,0.000000)
(2.5,0.3,0.8) = (1.000,0.000000,0.000000,0.000000)
(2.5,0.3,0.9) = (1.000,0.000000,0.000000,0.000000)
(2.5,0.3,1.0) = (1.000,0.000000,0.000000,0.000000)
(2.5,0.4,0.0) = (0.000,0.088325,0.428858,0.482817)
(2.5,0.4,0.1) = (0.000,0.038744,0.364003,0.597253)
(2.5,0.4,0.2) = (0.000,0.018411,0.507767,0.473822)
(2.5,0.4,0.3) = (1.000,0.000000,0.000000,0.000000)
(2.5,0.4,0.4) = (1.000,0.000000,0.000000,0.000000)
(2.5,0.4,0.5) = (1.000,0.000000,0.000000,0.000000)
(2.5,0.4,0.6) = (1.000,0.000000,0.000000,0.000000)
(2.5,0.4,0.7) = (1.000,0.000000,0.000000,0.000000)
(2.5,0.4,0.8) = (1.000,0.000000,0.000000,0.000000)
(2.5,0.4,0.9) = (1.000,0.000000,0.000000,0.000000)
(2.5,0.4,1.0) = (1.000,0.000000,0.000000,0.000000)
(2.5,0.5,0.0) = (0.000,0.048706,0.383053,0.568242)
(2.5,0.5,0.1) = (0.000,0.036017,0.459100,0.504883)
(2.5,0.5,0.2) = (0.000,0.024928,0.552608,0.422464)
(2.5,0.5,0.3) = (0.000,0.017617,0.491319,0.491064)
(2.5,0.5,0.4) = (1.000,0.000000,0.000000,0.000000)
(2.5,0.5,0.5) = (1.000,0.000000,0.000000,0.000000)
(2.5,0.5,0.6) = (1.000,0.000000,0.000000,0.000000)
(2.5,0.5,0.7) = (1.000,0.000000,0.000000,0.000000)
(2.5,0.5,0.8) = (1.000,0.000000,0.000000,0.000000)
(2.5,0.5,0.9) = (1.000,0.000000,0.000000,0.000000)
(2.5,0.5,1.0) = (1.000,0.000000,0.000000,0.000000)
(2.5,0.6,0.0) = (0.000,0.050108,0.456161,0.493731)
(2.5,0.6,0.1) = (0.000,0.079478,0.425633,0.494889)
(2.5,0.6,0.2) = (0.000,0.062881,0.442908,0.494211)
(2.5,0.6,0.3) = (0.000,0.040264,0.538097,0.421639)
(2.5,0.6,0.4) = (0.000,0.026031,0.648581,0.325389)
(2.5,0.6,0.5) = (1.000,0.000000,0.000000,0.000000)
(2.5,0.6,0.6) = (1.000,0.000000,0.000000,0.000000)
(2.5,0.6,0.7) = (1.000,0.000000,0.000000,0.000000)
(2.5,0.6,0.8) = (1.000,0.000000,0.000000,0.000000)
(2.5,0.6,0.9) = (1.000,0.000000,0.000000,0.000000)
(2.5,0.6,1.0) = (1.000,0.000000,0.000000,0.000000)
(2.5,0.7,0.0) = (0.000,0.080311,0.451111,0.468578)
(2.5,0.7,0.1) = (0.000,0.054369,0.445408,0.500222)
(2.5,0.7,0.2) = (0.000,0.115564,0.368544,0.515892)
(2.5,0.7,0.3) = (0.000,0.052167,0.488103,0.459731)
(2.5,0.7,0.4) = (0.000,0.048883,0.528911,0.422206)
(2.5,0.7,0.5) = (0.000,0.008214,0.619175,0.372611)
(2.5,0.7,0.6) = (1.000,0.000000,0.000000,0.000000)
(2.5,0.7,0.7) = (1.000,0.000000,0.000000,0.000000)
(2.5,0.7,0.8) = (1.000,0.000000,0.000000,0.000000)
(2.5,0.7,0.9) = (1.000,0.000000,0.000000,0.000000)
(2.5,0.7,1.0) = (1.000,0.000000,0.000000,0.000000)
(2.5,0.8,0.0) = (0.000,0.115419,0.439936,0.444644)
(2.5,0.8,0.1) = (0.000,0.106414,0.353814,0.539772)
(2.5,0.8,0.2) = (0.000,0.070644,0.507572,0.421783)
(2.5,0.8,0.3) = (0.000,0.050969,0.552433,0.396597)
(2.5,0.8,0.4) = (0.000,0.057547,0.509336,0.433117)
(2.5,0.8,0.5) = (0.000,0.102189,0.457242,0.440569)
(2.5,0.8,0.6) = (0.000,0.046297,0.641228,0.312475)
(2.5,0.8,0.7) = (1.000,0.000000,0.000000,0.000000)
(2.5,0.8,0.8) = (1.000,0.000000,0.000000,0.000000)
(2.5,0.8,0.9) = (1.000,0.000000,0.000000,0.000000)
(2.5,0.8,1.0) = (1.000,0.000000,0.000000,0.000000)
(2.5,0.9,0.0) = (0.000,0.133503,0.415767,0.450731)
(2.5,0.9,0.1) = (0.000,0.101586,0.440653,0.457761)
(2.5,0.9,0.2) = (0.000,0.063256,0.447069,0.489675)
(2.5,0.9,0.3) = (0.000,0.073353,0.438072,0.488575)
(2.5,0.9,0.4) = (0.000,0.124708,0.492658,0.382633)
(2.5,0.9,0.5) = (0.000,0.155344,0.423786,0.420869)
(2.5,0.9,0.6) = (0.000,0.063031,0.640533,0.296436)
(2.5,0.9,0.7) = (0.459,0.041275,0.448456,0.051092)
(2.5,0.9,0.8) = (1.000,0.000000,0.000000,0.000000)
(2.5,0.9,0.9) = (1.000,0.000000,0.000000,0.000000)
(2.5,0.9,1.0) = (1.000,0.000000,0.000000,0.000000)
(2.5,1.0,0.0) = (0.000,0.126311,0.393197,0.480492)
(2.5,1.0,0.1) = (0.000,0.115497,0.388019,0.496483)
(2.5,1.0,0.2) = (0.000,0.070100,0.527225,0.402675)
(2.5,1.0,0.3) = (0.000,0.031822,0.532825,0.435353)
(2.5,1.0,0.4) = (0.000,0.109150,0.481394,0.409456)
(2.5,1.0,0.5) = (0.000,0.098489,0.449150,0.452361)
(2.5,1.0,0.6) = (0.000,0.065469,0.544967,0.389564)
(2.5,1.0,0.7) = (0.000,0.072958,0.594808,0.332233)
(2.5,1.0,0.8) = (1.000,0.000000,0.000000,0.000000)
(2.5,1.0,0.9) = (1.000,0.000000,0.000000,0.000000)
(2.5,1.0,1.0) = (1.000,0.000000,0.000000,0.000000)
(3.0,0.0,0.0) = (1.000,0.000000,0.000000,0.000000)
(3.0,0.0,0.1) = (1.000,0.000000,0.000000,0.000000)
(3.0,0.0,0.2) = (1.000,0.000000,0.000000,0.000000)
(3.0,0.0,0.3) = (1.000,0.000000,0.000000,0.000000)
(3.0,0.0,0.4) = (1.000,0.000000,0.000000,0.000000)
(3.0,0.0,0.5) = (1.000,0.000000,0.000000,0.000000)
(3.0,0.0,0.6) = (1.000,0.000000,0.000000,0.000000)
(3.0,0.0,0.7) = (1.000,0.000000,0.000000,0.000000)
(3.0,0.0,0.8) = (1.000,0.000000,0.000000,0.000000)
(3.0,0.0,0.9) = (1.000,0.000000,0.000000,0.000000)
(3.0,0.0,1.0) = (1.000,0.000000,0.000000,0.000000)
(3.0,0.1,0.0) = (0.218,0.000000,0.000000,0.782156)
(3.0,0.1,0.1) = (1.000,0.000000,0.000000,0.000000)
(3.0,0.1,0.2) = (1.000,0.000000,0.000000,0.000000)
(3.0,0.1,0.3) = (1.000,0.000000,0.000000,0.000000)
(3.0,0.1,0.4) = (1.000,0.000000,0.000000,0.000000)
(3.0,0.1,0.5) = (1.000,0.000000,0.000000,0.000000)
(3.0,0.1,0.6) = (1.000,0.000000,0.000000,0.000000)
(3.0,0.1,0.7) = (1.000,0.000000,0.000000,0.000000)
(3.0,0.1,0.8) = (1.000,0.000000,0.000000,0.000000)
(3.0,0.1,0.9) = (1.000,0.000000,0.000000,0.000000)
(3.0,0.1,1.0) = (1.000,0.000000,0.000000,0.000000)
(3.0,0.2,0.0) = (0.000,0.047897,0.415456,0.536647)
(3.0,0.2,0.1) = (0.000,0.012792,0.442031,0.545178)
(3.0,0.2,0.2) = (1.000,0.000000,0.000000,0.000000)
(3.0,0.2,0.3) = (1.000,0.000000,0.000000,0.000000)
(3.0,0.2,0.4) = (1.000,0.000000,0.000000,0.000000)
(3.0,0.2,0.5) = (1.000,0.000000,0.000000,0.000000)
(3.0,0.2,0.6) = (1.000,0.000000,0.000000,0.000000)
(3.0,0.2,0.7) = (1.000,0.000000,0.000000,0.000000)
(3.0,0.2,0.8) = (1.000,0.000000,0.000000,0.000000)
(3.0,0.2,0.9) = (1.000,0.000000,0.000000,0.000000)
(3.0,0.2,1.0) = (1.000,0.000000,0.000000,0.000000)
(3.0,0.3,0.0) = (0.000,0.115558,0.438367,0.446075)
(3.0,0.3,0.1) = (0.000,0.052803,0.564467,0.382731)
(3.0,0.3,0.2) = (0.000,0.047117,0.594642,0.358242)
(3.0,0.3,0.3) = (1.000,0.000000,0.000000,0.000000)
(3.0,0.3,0.4) = (1.000,0.000000,0.000000,0.000000)
(3.0,0.3,0.5) = (1.000,0.000000,0.000000,0.000000)
(3.0,0.3,0.6) = (1.000,0.000000,0.000000,0.000000)
(3.0,0.3,0.7) = (1.000,0.000000,0.000000,0.000000)
(3.0,0.3,0.8) = (1.000,0.000000,0.000000,0.000000)
(3.0,0.3,0.9) = (1.000,0.000000,0.000000,0.000000)
(3.0,0.3,1.0) = (1.000,0.000000,0.000000,0.000000)
(3.0,0.4,0.0) = (0.000,0.065919,0.363733,0.570347)
(3.0,0.4,0.1) = (0.000,0.074692,0.567169,0.358139)
(3.0,0.4,0.2) = (0.000,0.050103,0.461072,0.488825)
(3.0,0.4,0.3) = (0.000,0.037006,0.518794,0.444200)
(3.0,0.4,0.4) = (1.000,0.000000,0.000000,0.000000)
(3.0,0.4,0.5) = (1.000,0.000000,0.000000,0.000000)
(3.0,0.4,0.6) = (1.000,0.000000,0.000000,0.000000)
(3.0,0.4,0.7) = (1.000,0.000000,0.000000,0.000000)
(3.0,0.4,0.8) = (1.000,0.000000,0.000000,0.000000)
(3.0,0.4,0.9) = (1.000,0.000000,0.000000,0.000000)
(3.0,0.4,1.0) = (1.000,0.000000,0.000000,0.000000)
(3.0,0.5,0.0) = (0.000,0.067744,0.442167,0.490089)
(3.0,0.5,0.1) = (0.000,0.097361,0.442406,0.460233)
(3.0,0.5,0.2) = (0.000,0.070992,0.503594,0.425414)
(3.0,0.5,0.3) = (0.000,0.037817,0.537925,0.424258)
(3.0,0.5,0.4) = (0.000,0.042442,0.627044,0.330514)
(3.0,0.5,0.5) = (1.000,0.000000,0.000000,0.000000)
(3.0,0.5,0.6) = (1.000,0.000000,0.000000,0.000000)
(3.0,0.5,0.7) = (1.000,0.000000,0.000000,0.000000)
(3.0,0.5,0.8) = (1.000,0.000000,0.000000,0.000000)
(3.0,0.5,0.9) = (1.000,0.000000,0.000000,0.000000)
(3.0,0.5,1.0) = (1.000,0.000000,0.000000,0.000000)
(3.0,0.6,0.0) = (0.000,0.081128,0.363625,0.555247)
(3.0,0.6,0.1) = (0.000,0.159119,0.405981,0.434900)
(3.0,0.6,0.2) = (0.000,0.108064,0.460883,0.431053)
(3.0,0.6,0.3) = (0.000,0.088656,0.509889,0.401456)
(3.0,0.6,0.4) = (0.000,0.108872,0.548753,0.342375)
(3.0,0.6,0.5) = (0.000,0.068994,0.655214,0.275792)
(3.0,0.6,0.6) = (0.101,0.041392,0.698533,0.158978)
(3.0,0.6,0.7) = (1.000,0.000000,0.000000,0.000000)
(3.0,0.6,0.8) = (1.000,0.000000,0.000000,0.000000)
(3.0,0.6,0.9) = (1.000,0.000000,0.000000,0.000000)
(3.0,0.6,1.0) = (1.000,0.000000,0.000000,0.000000)
(3.0,0.7,0.0) = (0.000,0.190158,0.401572,0.408269)
(3.0,0.7,0.1) = (0.000,0.086714,0.442956,0.470331)
(3.0,0.7,0.2) = (0.000,0.129397,0.467642,0.402961)
(3.0,0.7,0.3) = (0.000,0.100928,0.436417,0.462656)
(3.0,0.7,0.4) = (0.000,0.139361,0.466514,0.394125)
(3.0,0.7,0.5) = (0.000,0.087506,0.489406,0.423089)
(3.0,0.7,0.6) = (0.000,0.111592,0.463364,0.425044)
(3.0,0.7,0.7) = (0.032,0.067992,0.674558,0.225114)
(3.0,0.7,0.8) = (1.000,0.000000,0.000000,0.000000)
(3.0,0.7,0.9) = (1.000,0.000000,0.000000,0.000000)
(3.0,0.7,1.0) = (1.000,0.000000,0.000000,0.000000)
(3.0,0.8,0.0) = (0.000,0.134631,0.400069,0.465300)
(3.0,0.8,0.1) = (0.000,0.130903,0.381311,0.487786)
(3.0,0.8,0.2) = (0.000,0.066842,0.538469,0.394689)
(3.0,0.8,0.3) = (0.000,0.058739,0.499414,0.441847)
(3.0,0.8,0.4) = (0.000,0.089767,0.490100,0.420133)
(3.0,0.8,0.5) = (0.000,0.105831,0.482753,0.411417)
(3.0,0.8,0.6) = (0.000,0.094208,0.439433,0.466358)
(3.0,0.8,0.7) = (0.000,0.130119,0.395742,0.474139)
(3.0,0.8,0.8) = (0.146,0.091531,0.615078,0.147658)
(3.0,0.8,0.9) = (1.000,0.000000,0.000000,0.000000)
(3.0,0.8,1.0) = (1.000,0.000000,0.000000,0.000000)
(3.0,0.9,0.0) = (0.000,0.111114,0.359992,0.528894)
(3.0,0.9,0.1) = (0.000,0.093856,0.412586,0.493558)
(3.0,0.9,0.2) = (0.000,0.111822,0.578308,0.309869)
(3.0,0.9,0.3) = (0.000,0.114125,0.514972,0.370903)
(3.0,0.9,0.4) = (0.000,0.091356,0.550397,0.358247)
(3.0,0.9,0.5) = (0.000,0.176661,0.398069,0.425269)
(3.0,0.9,0.6) = (0.000,0.091511,0.547539,0.360950)
(3.0,0.9,0.7) = (0.000,0.091522,0.506206,0.402272)
(3.0,0.9,0.8) = (0.000,0.111936,0.468372,0.419692)
(3.0,0.9,0.9) = (0.786,0.040972,0.160919,0.012303)
(3.0,0.9,1.0) = (1.000,0.000000,0.000000,0.000000)
(3.0,1.0,0.0) = (0.000,0.150711,0.373542,0.475747)
(3.0,1.0,0.1) = (0.000,0.142992,0.506867,0.350142)
(3.0,1.0,0.2) = (0.000,0.067906,0.456189,0.475906)
(3.0,1.0,0.3) = (0.000,0.072914,0.460083,0.467003)
(3.0,1.0,0.4) = (0.000,0.121725,0.511300,0.366975)
(3.0,1.0,0.5) = (0.000,0.088281,0.592225,0.319494)
(3.0,1.0,0.6) = (0.000,0.140586,0.463664,0.395750)
(3.0,1.0,0.7) = (0.000,0.172636,0.457822,0.369542)
(3.0,1.0,0.8) = (0.000,0.125928,0.569425,0.304647)
(3.0,1.0,0.9) = (0.000,0.099300,0.522069,0.378631)
(3.0,1.0,1.0) = (0.991,0.002461,0.004319,0.002122)
(3.5,0.0,0.0) = (1.000,0.000000,0.000000,0.000000)
(3.5,0.0,0.1) = (1.000,0.000000,0.000000,0.000000)
(3.5,0.0,0.2) = (1.000,0.000000,0.000000,0.000000)
(3.5,0.0,0.3) = (1.000,0.000000,0.000000,0.000000)
(3.5,0.0,0.4) = (1.000,0.000000,0.000000,0.000000)
(3.5,0.0,0.5) = (1.000,0.000000,0.000000,0.000000)
(3.5,0.0,0.6) = (1.000,0.000000,0.000000,0.000000)
(3.5,0.0,0.7) = (1.000,0.000000,0.000000,0.000000)
(3.5,0.0,0.8) = (1.000,0.000000,0.000000,0.000000)
(3.5,0.0,0.9) = (1.000,0.000000,0.000000,0.000000)
(3.5,0.0,1.0) = (1.000,0.000000,0.000000,0.000000)
(3.5,0.1,0.0) = (0.000,0.011792,0.360858,0.627350)
(3.5,0.1,0.1) = (0.133,0.000000,0.535786,0.331317)
(3.5,0.1,0.2) = (1.000,0.000000,0.000000,0.000000)
(3.5,0.1,0.3) = (1.000,0.000000,0.000000,0.000000)
(3.5,0.1,0.4) = (1.000,0.000000,0.000000,0.000000)
(3.5,0.1,0.5) = (1.000,0.000000,0.000000,0.000000)
(3.5,0.1,0.6) = (1.000,0.000000,0.000000,0.000000)
(3.5,0.1,0.7) = (1.000,0.000000,0.000000,0.000000)
(3.5,0.1,0.8) = (1.000,0.000000,0.000000,0.000000)
(3.5,0.1,0.9) = (1.000,0.000000,0.000000,0.000000)
(3.5,0.1,1.0) = (1.000,0.000000,0.000000,0.000000)
(3.5,0.2,0.0) = (0.000,0.086400,0.464228,0.449372)
(3.5,0.2,0.1) = (0.000,0.065197,0.431892,0.502911)
(3.5,0.2,0.2) = (0.000,0.053592,0.587617,0.358792)
(3.5,0.2,0.3) = (1.000,0.000000,0.000000,0.000000)
(3.5,0.2,0.4) = (1.000,0.000000,0.000000,0.000000)
(3.5,0.2,0.5) = (1.000,0.000000,0.000000,0.000000)
(3.5,0.2,0.6) = (1.000,0.000000,0.000000,0.000000)
(3.5,0.2,0.7) = (1.000,0.000000,0.000000,0.000000)
(3.5,0.2,0.8) = (1.000,0.000000,0.000000,0.000000)
(3.5,0.2,0.9) = (1.000,0.000000,0.000000,0.000000)
(3.5,0.2,1.0) = (1.000,0.000000,0.000000,0.000000)
(3.5,0.3,0.0) = (0.000,0.108181,0.363011,0.528808)
(3.5,0.3,0.1) = (0.000,0.070333,0.476300,0.453367)
(3.5,0.3,0.2) = (0.000,0.084331,0.462317,0.453353)
(3.5,0.3,0.3) = (0.000,0.080894,0.593189,0.325917)
(3.5,0.3,0.4) = (1.000,0.000000,0.000000,0.000000)
(3.5,0.3,0.5) = (1.000,0.000000,0.000000,0.000000)
(3.5,0.3,0.6) = (1.000,0.000000,0.000000,0.000000)
(3.5,0.3,0.7) = (1.000,0.000000,0.000000,0.000000)
(3.5,0.3,0.8) = (1.000,0.000000,0.000000,0.000000)
(3.5,0.3,0.9) = (1.000,0.000000,0.000000,0.000000)
(3.5,0.3,1.0) = (1.000,0.000000,0.000000,0.000000)
(3.5,0.4,0.0) = (0.000,0.164097,0.464942,0.370961)
(3.5,0.4,0.1) = (0.000,0.114244,0.497819,0.387936)
(3.5,0.4,0.2) = (0.000,0.091742,0.494678,0.413581)
(3.5,0.4,0.3) = (0.000,0.122447,0.540211,0.337342)
(3.5,0.4,0.4) = (0.000,0.153669,0.470586,0.375744)
(3.5,0.4,0.5) = (0.000,0.079169,0.813875,0.106594)
(3.5,0.4,0.6) = (1.000,0.000000,0.000000,0.000000)
(3.5,0.4,0.7) = (1.000,0.000000,0.000000,0.000000)
(3.5,0.4,0.8) = (1.000,0.000000,0.000000,0.000000)
(3.5,0.4,0.9) = (1.000,0.000000,0.000000,0.000000)
(3.5,0.4,1.0) = (1.000,0.000000,0.000000,0.000000)
(3.5,0.5,0.0) = (0.000,0.113728,0.449094,0.437178)
(3.5,0.5,0.1) = (0.000,0.109125,0.435681,0.455194)
(3.5,0.5,0.2) = (0.000,0.159958,0.384561,0.455481)
(3.5,0.5,0.3) = (0.000,0.163867,0.453497,0.382636)
(3.5,0.5,0.4) = (0.000,0.113344,0.490300,0.396356)
(3.5,0.5,0.5) = (0.000,0.125447,0.554228,0.320325)
(3.5,0.5,0.6) = (0.000,0.098878,0.648136,0.252986)
(3.5,0.5,0.7) = (1.000,0.000000,0.000000,0.000000)
(3.5,0.5,0.8) = (1.000,0.000000,0.000000,0.000000)
(3.5,0.5,0.9) = (1.000,0.000000,0.000000,0.000000)
(3.5,0.5,1.0) = (1.000,0.000000,0.000000,0.000000)
(3.5,0.6,0.0) = (0.000,0.121881,0.344450,0.533669)
(3.5,0.6,0.1) = (0.000,0.125847,0.492697,0.381456)
(3.5,0.6,0.2) = (0.000,0.161456,0.538886,0.299658)
(3.5,0.6,0.3) = (0.000,0.163492,0.510739,0.325769)
(3.5,0.6,0.4) = (0.000,0.070008,0.463567,0.466425)
(3.5,0.6,0.5) = (0.000,0.156208,0.433789,0.410003)
(3.5,0.6,0.6) = (0.000,0.124064,0.529739,0.346197)
(3.5,0.6,0.7) = (0.000,0.106017,0.559525,0.334458)
(3.5,0.6,0.8) = (0.877,0.041158,0.080814,0.000631)
(3.5,0.6,0.9) = (1.000,0.000000,0.000000,0.000000)
(3.5,0.6,1.0) = (1.000,0.000000,0.000000,0.000000)
(3.5,0.7,0.0) = (0.000,0.202678,0.452297,0.345025)
(3.5,0.7,0.1) = (0.000,0.136333,0.400261,0.463406)
(3.5,0.7,0.2) = (0.000,0.182014,0.397253,0.420733)
(3.5,0.7,0.3) = (0.000,0.166942,0.419053,0.414006)
(3.5,0.7,0.4) = (0.000,0.202194,0.494853,0.302953)
(3.5,0.7,0.5) = (0.000,0.157517,0.499553,0.342931)
(3.5,0.7,0.6) = (0.000,0.134419,0.447261,0.418319)
(3.5,0.7,0.7) = (0.000,0.162908,0.481050,0.356042)
(3.5,0.7,0.8) = (0.000,0.137392,0.547950,0.314658)
(3.5,0.7,0.9) = (0.409,0.148233,0.400114,0.042600)
(3.5,0.7,1.0) = (1.000,0.000000,0.000000,0.000000)
(3.5,0.8,0.0) = (0.000,0.170281,0.418431,0.411289)
(3.5,0.8,0.1) = (0.000,0.166453,0.341528,0.492019)
(3.5,0.8,0.2) = (0.000,0.183336,0.478075,0.338589)
(3.5,0.8,0.3) = (0.000,0.140283,0.540906,0.318811)
(3.5,0.8,0.4) = (0.000,0.120719,0.458456,0.420825)
(3.5,0.8,0.5) = (0.000,0.147333,0.466078,0.386589)
(3.5,0.8,0.6) = (0.000,0.178236,0.448822,0.372942)
(3.5,0.8,0.7) = (0.000,0.172003,0.434286,0.393711)
(3.5,0.8,0.8) = (0.000,0.196083,0.491606,0.312311)
(3.5,0.8,0.9) = (0.000,0.173436,0.468856,0.357708)
(3.5,0.8,1.0) = (0.216,0.207333,0.425067,0.152092)
(3.5,0.9,0.0) = (0.000,0.216697,0.449375,0.333928)
(3.5,0.9,0.1) = (0.000,0.177942,0.410778,0.411281)
(3.5,0.9,0.2) = (0.000,0.136225,0.388953,0.474822)
(3.5,0.9,0.3) = (0.000,0.192403,0.446775,0.360822)
(3.5,0.9,0.4) = (0.000,0.210894,0.353844,0.435261)
(3.5,0.9,0.5) = (0.000,0.155442,0.420081,0.424478)
(3.5,0.9,0.6) = (0.000,0.239661,0.387917,0.372422)
(3.5,0.9,0.7) = (0.000,0.198403,0.469858,0.331739)
(3.5,0.9,0.8) = (0.000,0.202889,0.370111,0.427000)
(3.5,0.9,0.9) = (0.000,0.164939,0.499164,0.335897)
(3.5,0.9,1.0) = (0.000,0.178425,0.444850,0.376725)
(3.5,1.0,0.0) = (0.000,0.257956,0.419453,0.322592)
(3.5,1.0,0.1) = (0.000,0.191656,0.389639,0.418706)
(3.5,1.0,0.2) = (0.000,0.182333,0.356022,0.461644)
(3.5,1.0,0.3) = (0.000,0.241564,0.410364,0.348072)
(3.5,1.0,0.4) = (0.000,0.181703,0.412744,0.405553)
(3.5,1.0,0.5) = (0.000,0.253503,0.385342,0.361156)
(3.5,1.0,0.6) = (0.000,0.203558,0.458433,0.338008)
(3.5,1.0,0.7) = (0.000,0.220283,0.454328,0.325389)
(3.5,1.0,0.8) = (0.000,0.201108,0.455167,0.343725)
(3.5,1.0,0.9) = (0.000,0.198050,0.469883,0.332067)
(3.5,1.0,1.0) = (0.000,0.166600,0.405783,0.427617)
(4.0,0.0,0.0) = (0.493,0.173272,0.177514,0.156589)
(4.0,0.0,0.1) = (0.486,0.513686,0.000000,0.000000)
(4.0,0.0,0.2) = (0.488,0.511503,0.000000,0.000000)
(4.0,0.0,0.3) = (0.486,0.513853,0.000000,0.000000)
(4.0,0.0,0.4) = (0.488,0.512103,0.000000,0.000000)
(4.0,0.0,0.5) = (0.485,0.515294,0.000000,0.000000)
(4.0,0.0,0.6) = (0.489,0.511469,0.000000,0.000000)
(4.0,0.0,0.7) = (0.493,0.506806,0.000000,0.000000)
(4.0,0.0,0.8) = (0.490,0.509639,0.000000,0.000000)
(4.0,0.0,0.9) = (0.488,0.512431,0.000000,0.000000)
(4.0,0.0,1.0) = (0.487,0.513158,0.000000,0.000000)
(4.0,0.1,0.0) = (0.000,0.073133,0.475164,0.451703)
(4.0,0.1,0.1) = (0.000,0.020261,0.514017,0.465722)
(4.0,0.1,0.2) = (0.488,0.512458,0.000000,0.000000)
(4.0,0.1,0.3) = (0.487,0.513053,0.000000,0.000000)
(4.0,0.1,0.4) = (0.486,0.513578,0.000000,0.000000)
(4.0,0.1,0.5) = (0.487,0.513053,0.000000,0.000000)
(4.0,0.1,0.6) = (0.486,0.513797,0.000000,0.000000)
(4.0,0.1,0.7) = (0.488,0.512314,0.000000,0.000000)
(4.0,0.1,0.8) = (0.487,0.513328,0.000000,0.000000)
(4.0,0.1,0.9) = (0.487,0.513461,0.000000,0.000000)
(4.0,0.1,1.0) = (0.489,0.511228,0.000000,0.000000)
(4.0,0.2,0.0) = (0.000,0.140494,0.486022,0.373483)
(4.0,0.2,0.1) = (0.000,0.157964,0.475422,0.366614)
(4.0,0.2,0.2) = (0.000,0.104883,0.429678,0.465439)
(4.0,0.2,0.3) = (0.000,0.078394,0.709308,0.212297)
(4.0,0.2,0.4) = (0.485,0.514931,0.000000,0.000000)
(4.0,0.2,0.5) = (0.487,0.513386,0.000000,0.000000)
(4.0,0.2,0.6) = (0.487,0.512828,0.000000,0.000000)
(4.0,0.2,0.7) = (0.488,0.511633,0.000000,0.000000)
(4.0,0.2,0.8) = (0.489,0.511019,0.000000,0.000000)
(4.0,0.2,0.9) = (0.487,0.513039,0.000000,0.000000)
(4.0,0.2,1.0) = (0.489,0.511450,0.000000,0.000000)
(4.0,0.3,0.0) = (0.000,0.207939,0.383992,0.408069)
(4.0,0.3,0.1) = (0.000,0.086464,0.392250,0.521286)
(4.0,0.3,0.2) = (0.000,0.138736,0.452778,0.408486)
(4.0,0.3,0.3) = (0.000,0.142653,0.540561,0.316786)
(4.0,0.3,0.4) = (0.000,0.135939,0.583953,0.280108)
(4.0,0.3,0.5) = (0.488,0.511544,0.000000,0.000000)
(4.0,0.3,0.6) = (0.487,0.512611,0.000000,0.000000)
(4.0,0.3,0.7) = (0.487,0.512781,0.000000,0.000000)
(4.0,0.3,0.8) = (0.486,0.513506,0.000000,0.000000)
(4.0,0.3,0.9) = (0.488,0.512244,0.000000,0.000000)
(4.0,0.3,1.0) = (0.489,0.511489,0.000000,0.000000)
(4.0,0.4,0.0) = (0.000,0.190119,0.337286,0.472594)
(4.0,0.4,0.1) = (0.000,0.192783,0.405842,0.401375)
(4.0,0.4,0.2) = (0.000,0.231886,0.398847,0.369267)
(4.0,0.4,0.3) = (0.000,0.196053,0.463136,0.340811)
(4.0,0.4,0.4) = (0.000,0.179783,0.431933,0.388283)
(4.0,0.4,0.5) = (0.000,0.215178,0.472481,0.312342)
(4.0,0.4,0.6) = (0.021,0.218897,0.688058,0.071817)
(4.0,0.4,0.7) = (0.488,0.512408,0.000000,0.000000)
(4.0,0.4,0.8) = (0.488,0.511992,0.000000,0.000000)
(4.0,0.4,0.9) = (0.486,0.513622,0.000000,0.000000)
(4.0,0.4,1.0) = (0.486,0.514497,0.000000,0.000000)
(4.0,0.5,0.0) = (0.000,0.197231,0.420328,0.382442)
(4.0,0.5,0.1) = (0.000,0.187869,0.483836,0.328294)
(4.0,0.5,0.2) = (0.000,0.210958,0.428278,0.360764)
(4.0,0.5,0.3) = (0.000,0.249956,0.434039,0.316006)
(4.0,0.5,0.4) = (0.000,0.267692,0.372628,0.359681)
(4.0,0.5,0.5) = (0.000,0.249681,0.471100,0.279219)
(4.0,0.5,0.6) = (0.000,0.247800,0.419342,0.332858)
(4.0,0.5,0.7) = (0.000,0.245750,0.485528,0.268458)
(4.0,0.5,0.8) = (0.434,0.497994,0.060806,0.007325)
(4.0,0.5,0.9) = (0.485,0.513506,0.001244,0.000000)
(4.0,0.5,1.0) = (0.489,0.510828,0.000000,0.000000)
(4.0,0.6,0.0) = (0.000,0.246169,0.358439,0.395392)
(4.0,0.6,0.1) = (0.000,0.236431,0.420758,0.342811)
(4.0,0.6,0.2) = (0.000,0.296669,0.342417,0.360914)
(4.0,0.6,0.3) = (0.000,0.233506,0.423422,0.343072)
(4.0,0.6,0.4) = (0.000,0.276081,0.361214,0.362706)
(4.0,0.6,0.5) = (0.000,0.270108,0.388158,0.341733)
(4.0,0.6,0.6) = (0.000,0.226208,0.374206,0.399586)
(4.0,0.6,0.7) = (0.000,0.177944,0.408328,0.413728)
(4.0,0.6,0.8) = (0.001,0.281011,0.506639,0.211236)
(4.0,0.6,0.9) = (0.039,0.299611,0.516603,0.144342)
(4.0,0.6,1.0) = (0.486,0.511106,0.002653,0.000000)
(4.0,0.7,0.0) = (0.000,0.230022,0.372336,0.397642)
(4.0,0.7,0.1) = (0.000,0.266122,0.344769,0.389108)
(4.0,0.7,0.2) = (0.000,0.179419,0.472808,0.347772)
(4.0,0.7,0.3) = (0.000,0.230103,0.344239,0.425658)
(4.0,0.7,0.4) = (0.000,0.220158,0.401506,0.378336)
(4.0,0.7,0.5) = (0.000,0.264983,0.459647,0.275369)
(4.0,0.7,0.6) = (0.000,0.243989,0.357408,0.398603)
(4.0,0.7,0.7) = (0.000,0.231169,0.473539,0.295292)
(4.0,0.7,0.8) = (0.000,0.243492,0.349872,0.406636)
(4.0,0.7,0.9) = (0.000,0.210433,0.437178,0.352389)
(4.0,0.7,1.0) = (0.002,0.233253,0.484858,0.279417)
(4.0,0.8,0.0) = (0.000,0.275486,0.450344,0.274169)
(4.0,0.8,0.1) = (0.000,0.238017,0.430903,0.331081)
(4.0,0.8,0.2) = (0.000,0.277086,0.444478,0.278436)
(4.0,0.8,0.3) = (0.000,0.250258,0.327203,0.422539)
(4.0,0.8,0.4) = (0.000,0.254392,0.373508,0.372100)
(4.0,0.8,0.5) = (0.000,0.189339,0.484192,0.326469)
(4.0,0.8,0.6) = (0.000,0.182247,0.474050,0.343703)
(4.0,0.8,0.7) = (0.000,0.286211,0.398303,0.315486)
(4.0,0.8,0.8) = (0.000,0.267275,0.368758,0.363967)
(4.0,0.8,0.9) = (0.000,0.332056,0.348664,0.319281)
(4.0,0.8,1.0) = (0.000,0.263558,0.420572,0.315869)
(4.0,0.9,0.0) = (0.000,0.176508,0.417631,0.405861)
(4.0,0.9,0.1) = (0.000,0.263708,0.383781,0.352511)
(4.0,0.9,0.2) = (0.000,0.242014,0.277917,0.480069)
(4.0,0.9,0.3) = (0.000,0.279267,0.406322,0.314411)
(4.0,0.9,0.4) = (0.000,0.169253,0.414806,0.415942)
(4.0,0.9,0.5) = (0.000,0.259828,0.297397,0.442775)
(4.0,0.9,0.6) = (0.000,0.223439,0.429353,0.347208)
(4.0,0.9,0.7) = (0.000,0.199178,0.336194,0.464628)
(4.0,0.9,0.8) = (0.000,0.325969,0.403467,0.270564)
(4.0,0.9,0.9) = (0.000,0.301431,0.431458,0.267111)
(4.0,0.9,1.0) = (0.000,0.273478,0.433628,0.292894)
(4.0,1.0,0.0) = (0.000,0.194406,0.411311,0.394283)
(4.0,1.0,0.1) = (0.000,0.351725,0.255950,0.392325)
(4.0,1.0,0.2) = (0.000,0.204233,0.415400,0.380367)
(4.0,1.0,0.3) = (0.000,0.197253,0.407311,0.395436)
(4.0,1.0,0.4) = (0.000,0.232053,0.475358,0.292589)
(4.0,1.0,0.5) = (0.000,0.301931,0.354172,0.343897)
(4.0,1.0,0.6) = (0.000,0.303042,0.403572,0.293386)
(4.0,1.0,0.7) = (0.000,0.194931,0.534158,0.270911)
(4.0,1.0,0.8) = (0.000,0.277775,0.331422,0.390803)
(4.0,1.0,0.9) = (0.000,0.343483,0.384081,0.272436)
(4.0,1.0,1.0) = (0.000,0.313181,0.375464,0.311356)
(4.5,0.0,0.0) = (0.249,0.276914,0.249736,0.223953)
(4.5,0.0,0.1) = (0.249,0.751136,0.000000,0.000000)
(4.5,0.0,0.2) = (0.249,0.751008,0.000000,0.000000)
(4.5,0.0,0.3) = (0.250,0.750164,0.000000,0.000000)
(4.5,0.0,0.4) = (0.250,0.750089,0.000000,0.000000)
(4.5,0.0,0.5) = (0.252,0.748108,0.000000,0.000000)
(4.5,0.0,0.6) = (0.248,0.751697,0.000000,0.000000)
(4.5,0.0,0.7) = (0.249,0.751381,0.000000,0.000000)
(4.5,0.0,0.8) = (0.252,0.748328,0.000000,0.000000)
(4.5,0.0,0.9) = (0.247,0.752872,0.000000,0.000000)
(4.5,0.0,1.0) = (0.250,0.749869,0.000000,0.000000)
(4.5,0.1,0.0) = (0.000,0.178617,0.364131,0.457253)
(4.5,0.1,0.1) = (0.000,0.222956,0.416350,0.360694)
(4.5,0.1,0.2) = (0.150,0.525461,0.285236,0.039294)
(4.5,0.1,0.3) = (0.250,0.749850,0.000000,0.000000)
(4.5,0.1,0.4) = (0.249,0.750939,0.000000,0.000000)
(4.5,0.1,0.5) = (0.249,0.750653,0.000000,0.000000)
(4.5,0.1,0.6) = (0.252,0.748192,0.000000,0.000000)
(4.5,0.1,0.7) = (0.249,0.751056,0.000000,0.000000)
(4.5,0.1,0.8) = (0.249,0.750700,0.000000,0.000000)
(4.5,0.1,0.9) = (0.249,0.751472,0.000000,0.000000)
(4.5,0.1,1.0) = (0.251,0.749292,0.000000,0.000000)
(4.5,0.2,0.0) = (0.000,0.284697,0.346014,0.369289)
(4.5,0.2,0.1) = (0.000,0.261369,0.324494,0.414136)
(4.5,0.2,0.2) = (0.000,0.304789,0.301278,0.393933)
(4.5,0.2,0.3) = (0.000,0.211792,0.442314,0.345867)
(4.5,0.2,0.4) = (0.224,0.707000,0.064125,0.005281)
(4.5,0.2,0.5) = (0.249,0.751233,0.000000,0.000000)
(4.5,0.2,0.6) = (0.251,0.748719,0.000000,0.000000)
(4.5,0.2,0.7) = (0.250,0.750069,0.000000,0.000000)
(4.5,0.2,0.8) = (0.249,0.751211,0.000000,0.000000)
(4.5,0.2,0.9) = (0.251,0.749031,0.000000,0.000000)
(4.5,0.2,1.0) = (0.252,0.748386,0.000000,0.000000)
(4.5,0.3,0.0) = (0.000,0.253761,0.292589,0.453650)
(4.5,0.3,0.1) = (0.000,0.295806,0.362539,0.341656)
(4.5,0.3,0.2) = (0.000,0.212922,0.393544,0.393533)
(4.5,0.3,0.3) = (0.000,0.248322,0.414314,0.337364)
(4.5,0.3,0.4) = (0.000,0.229967,0.380361,0.389672)
(4.5,0.3,0.5) = (0.007,0.301383,0.462328,0.228906)
(4.5,0.3,0.6) = (0.244,0.743939,0.012119,0.000244)
(4.5,0.3,0.7) = (0.251,0.748628,0.000000,0.000000)
(4.5,0.3,0.8) = (0.250,0.749856,0.000000,0.000000)
(4.5,0.3,0.9) = (0.250,0.749619,0.000000,0.000000)
(4.5,0.3,1.0) = (0.249,0.751461,0.000000,0.000000)
(4.5,0.4,0.0) = (0.000,0.332553,0.297767,0.369681)
(4.5,0.4,0.1) = (0.000,0.294061,0.331000,0.374939)
(4.5,0.4,0.2) = (0.000,0.289139,0.358089,0.352772)
(4.5,0.4,0.3) = (0.000,0.294419,0.380197,0.325383)
(4.5,0.4,0.4) = (0.000,0.254911,0.378492,0.366597)
(4.5,0.4,0.5) = (0.000,0.309008,0.370089,0.320903)
(4.5,0.4,0.6) = (0.000,0.370197,0.394289,0.235514)
(4.5,0.4,0.7) = (0.040,0.437344,0.342283,0.180544)
(4.5,0.4,0.8) = (0.237,0.734478,0.024508,0.004506)
(4.5,0.4,0.9) = (0.248,0.751511,0.000000,0.000000)
(4.5,0.4,1.0) = (0.249,0.750639,0.000000,0.000000)
(4.5,0.5,0.0) = (0.000,0.242897,0.339928,0.417175)
(4.5,0.5,0.1) = (0.000,0.213867,0.425833,0.360300)
(4.5,0.5,0.2) = (0.000,0.308753,0.358500,0.332747)
(4.5,0.5,0.3) = (0.000,0.266914,0.497689,0.235397)
(4.5,0.5,0.4) = (0.000,0.293656,0.353322,0.353022)
(4.5,0.5,0.5) = (0.000,0.321458,0.340000,0.338542)
(4.5,0.5,0.6) = (0.000,0.286981,0.434353,0.278667)
(4.5,0.5,0.7) = (0.000,0.370061,0.287731,0.342208)
(4.5,0.5,0.8) = (0.005,0.372097,0.383583,0.239053)
(4.5,0.5,0.9) = (0.055,0.520611,0.314278,0.110361)
(4.5,0.5,1.0) = (0.211,0.721783,0.060519,0.006203)
(4.5,0.6,0.0) = (0.000,0.246700,0.360497,0.392803)
(4.5,0.6,0.1) = (0.000,0.222819,0.409958,0.367222)
(4.5,0.6,0.2) = (0.000,0.242403,0.423750,0.333847)
(4.5,0.6,0.3) = (0.000,0.265308,0.361364,0.373328)
(4.5,0.6,0.4) = (0.000,0.181294,0.435167,0.383539)
(4.5,0.6,0.5) = (0.000,0.252828,0.428339,0.318833)
(4.5,0.6,0.6) = (0.000,0.354000,0.343406,0.302594)
(4.5,0.6,0.7) = (0.000,0.381539,0.278625,0.339836)
(4.5,0.6,0.8) = (0.000,0.306983,0.438872,0.254144)
(4.5,0.6,0.9) = (0.000,0.419814,0.388256,0.191931)
(4.5,0.6,1.0) = (0.011,0.465131,0.325739,0.197900)
(4.5,0.7,0.0) = (0.000,0.301892,0.320731,0.377378)
(4.5,0.7,0.1) = (0.000,0.308975,0.282122,0.408903)
(4.5,0.7,0.2) = (0.000,0.322467,0.346936,0.330597)
(4.5,0.7,0.3) = (0.000,0.273631,0.360397,0.365972)
(4.5,0.7,0.4) = (0.000,0.272306,0.293231,0.434464)
(4.5,0.7,0.5) = (0.000,0.184158,0.442172,0.373669)
(4.5,0.7,0.6) = (0.000,0.317136,0.332486,0.350378)
(4.5,0.7,0.7) = (0.000,0.293514,0.379467,0.327019)
(4.5,0.7,0.8) = (0.000,0.408503,0.306856,0.284642)
(4.5,0.7,0.9) = (0.000,0.340564,0.385481,0.273956)
(4.5,0.7,1.0) = (0.002,0.354372,0.341169,0.302033)
(4.5,0.8,0.0) = (0.000,0.247742,0.391033,0.361225)
(4.5,0.8,0.1) = (0.000,0.293547,0.349069,0.357383)
(4.5,0.8,0.2) = (0.000,0.344081,0.319994,0.335925)
(4.5,0.8,0.3) = (0.000,0.284119,0.440167,0.275714)
(4.5,0.8,0.4) = (0.000,0.309742,0.453136,0.237122)
(4.5,0.8,0.5) = (0.000,0.298653,0.398294,0.303053)
(4.5,0.8,0.6) = (0.000,0.297000,0.343383,0.359617)
(4.5,0.8,0.7) = (0.000,0.311192,0.343214,0.345594)
(4.5,0.8,0.8) = (0.000,0.326161,0.381833,0.292006)
(4.5,0.8,0.9) = (0.000,0.333292,0.386378,0.280319)
(4.5,0.8,1.0) = (0.000,0.279275,0.385381,0.335344)
(4.5,0.9,0.0) = (0.000,0.196317,0.414486,0.389197)
(4.5,0.9,0.1) = (0.000,0.199883,0.322508,0.477608)
(4.5,0.9,0.2) = (0.000,0.240364,0.326989,0.432647)
(4.5,0.9,0.3) = (0.000,0.224436,0.503944,0.271619)
(4.5,0.9,0.4) = (0.000,0.295067,0.286461,0.418472)
(4.5,0.9,0.5) = (0.000,0.288553,0.381047,0.330400)
(4.5,0.9,0.6) = (0.000,0.299639,0.418547,0.281814)
(4.5,0.9,0.7) = (0.000,0.299431,0.376283,0.324286)
(4.5,0.9,0.8) = (0.000,0.355914,0.317108,0.326978)
(4.5,0.9,0.9) = (0.000,0.405844,0.292761,0.301394)
(4.5,0.9,1.0) = (0.000,0.342456,0.381058,0.276486)
(4.5,1.0,0.0) = (0.000,0.306472,0.227128,0.466400)
(4.5,1.0,0.1) = (0.000,0.224808,0.432600,0.342592)
(4.5,1.0,0.2) = (0.000,0.323267,0.355858,0.320875)
(4.5,1.0,0.3) = (0.000,0.345064,0.280947,0.373989)
(4.5,1.0,0.4) = (0.000,0.285142,0.343203,0.371656)
(4.5,1.0,0.5) = (0.000,0.321186,0.413486,0.265328)
(4.5,1.0,0.6) = (0.000,0.209056,0.487281,0.303664)
(4.5,1.0,0.7) = (0.000,0.226325,0.413939,0.359736)
(4.5,1.0,0.8) = (0.000,0.251947,0.449811,0.298242)
(4.5,1.0,0.9) = (0.000,0.317944,0.391322,0.290733)
(4.5,1.0,1.0) = (0.000,0.283839,0.369122,0.347039)
(5.0,0.0,0.0) = (0.074,0.337139,0.229386,0.359917)
(5.0,0.0,0.1) = (0.069,0.931103,0.000000,0.000000)
(5.0,0.0,0.2) = (0.070,0.929992,0.000000,0.000000)
(5.0,0.0,0.3) = (0.070,0.929642,0.000000,0.000000)
(5.0,0.0,0.4) = (0.069,0.931022,0.000000,0.000000)
(5.0,0.0,0.5) = (0.069,0.930867,0.000000,0.000000)
(5.0,0.0,0.6) = (0.070,0.929750,0.000000,0.000000)
(5.0,0.0,0.7) = (0.071,0.929142,0.000000,0.000000)
(5.0,0.0,0.8) = (0.071,0.929133,0.000000,0.000000)
(5.0,0.0,0.9) = (0.072,0.928275,0.000000,0.000000)
(5.0,0.0,1.0) = (0.072,0.928306,0.000000,0.000000)
(5.0,0.1,0.0) = (0.000,0.276894,0.412883,0.310222)
(5.0,0.1,0.1) = (0.000,0.237625,0.401136,0.361239)
(5.0,0.1,0.2) = (0.001,0.359700,0.368233,0.270592)
(5.0,0.1,0.3) = (0.068,0.931831,0.000000,0.000000)
(5.0,0.1,0.4) = (0.070,0.930317,0.000000,0.000000)
(5.0,0.1,0.5) = (0.068,0.931786,0.000000,0.000000)
(5.0,0.1,0.6) = (0.071,0.928825,0.000000,0.000000)
(5.0,0.1,0.7) = (0.069,0.931022,0.000000,0.000000)
(5.0,0.1,0.8) = (0.070,0.929889,0.000000,0.000000)
(5.0,0.1,0.9) = (0.069,0.930711,0.000000,0.000000)
(5.0,0.1,1.0) = (0.070,0.929661,0.000000,0.000000)
(5.0,0.2,0.0) = (0.000,0.211486,0.327925,0.460589)
(5.0,0.2,0.1) = (0.000,0.379525,0.272814,0.347661)
(5.0,0.2,0.2) = (0.000,0.275444,0.336111,0.388444)
(5.0,0.2,0.3) = (0.000,0.424114,0.310897,0.264989)
(5.0,0.2,0.4) = (0.000,0.382192,0.353236,0.264506)
(5.0,0.2,0.5) = (0.027,0.723208,0.157492,0.092044)
(5.0,0.2,0.6) = (0.070,0.926333,0.003656,0.000000)
(5.0,0.2,0.7) = (0.068,0.931689,0.000000,0.000000)
(5.0,0.2,0.8) = (0.069,0.931244,0.000000,0.000000)
(5.0,0.2,0.9) = (0.067,0.932622,0.000000,0.000000)
(5.0,0.2,1.0) = (0.069,0.931344,0.000000,0.000000)
(5.0,0.3,0.0) = (0.000,0.226358,0.426419,0.347222)
(5.0,0.3,0.1) = (0.000,0.330064,0.292328,0.377608)
(5.0,0.3,0.2) = (0.000,0.352006,0.348264,0.299731)
(5.0,0.3,0.3) = (0.000,0.333358,0.363447,0.303194)
(5.0,0.3,0.4) = (0.000,0.374975,0.347303,0.277722)
(5.0,0.3,0.5) = (0.000,0.447856,0.257547,0.294597)
(5.0,0.3,0.6) = (0.000,0.468175,0.327736,0.204069)
(5.0,0.3,0.7) = (0.011,0.610267,0.276764,0.101825)
(5.0,0.3,0.8) = (0.045,0.822106,0.092247,0.041119)
(5.0,0.3,0.9) = (0.068,0.928733,0.002681,0.000108)
(5.0,0.3,1.0) = (0.071,0.929050,0.000000,0.000000)
(5.0,0.4,0.0) = (0.000,0.286489,0.374092,0.339419)
(5.0,0.4,0.1) = (0.000,0.272797,0.297631,0.429572)
(5.0,0.4,0.2) = (0.000,0.378939,0.353936,0.267125)
(5.0,0.4,0.3) = (0.000,0.348906,0.361236,0.289858)
(5.0,0.4,0.4) = (0.000,0.422056,0.231306,0.346639)
(5.0,0.4,0.5) = (0.000,0.379725,0.365481,0.254794)
(5.0,0.4,0.6) = (0.000,0.402361,0.276208,0.321431)
(5.0,0.4,0.7) = (0.000,0.387092,0.296322,0.316586)
(5.0,0.4,0.8) = (0.003,0.502847,0.208389,0.285925)
(5.0,0.4,0.9) = (0.008,0.641972,0.165686,0.184297)
(5.0,0.4,1.0) = (0.037,0.780333,0.118344,0.064708)
(5.0,0.5,0.0) = (0.000,0.270511,0.327156,0.402333)
(5.0,0.5,0.1) = (0.000,0.276886,0.285175,0.437939)
(5.0,0.5,0.2) = (0.000,0.290064,0.386850,0.323086)
(5.0,0.5,0.3) = (0.000,0.290325,0.335406,0.374269)
(5.0,0.5,0.4) = (0.000,0.358536,0.388317,0.253147)
(5.0,0.5,0.5) = (0.000,0.364408,0.407431,0.228161)
(5.0,0.5,0.6) = (0.000,0.384433,0.330206,0.285361)
(5.0,0.5,0.7) = (0.000,0.464969,0.306017,0.229014)
(5.0,0.5,0.8) = (0.000,0.420067,0.333878,0.246056)
(5.0,0.5,0.9) = (0.000,0.416131,0.268336,0.315533)
(5.0,0.5,1.0) = (0.001,0.511500,0.262647,0.225078)
(5.0,0.6,0.0) = (0.000,0.246106,0.473678,0.280217)
(5.0,0.6,0.1) = (0.000,0.315736,0.392547,0.291717)
(5.0,0.6,0.2) = (0.000,0.280994,0.345778,0.373228)
(5.0,0.6,0.3) = (0.000,0.318861,0.329997,0.351142)
(5.0,0.6,0.4) = (0.000,0.346814,0.355811,0.297375)
(5.0,0.6,0.5) = (0.000,0.359692,0.310856,0.329453)
(5.0,0.6,0.6) = (0.000,0.358250,0.281086,0.360664)
(5.0,0.6,0.7) = (0.000,0.449039,0.289972,0.260989)
(5.0,0.6,0.8) = (0.000,0.371733,0.342972,0.285294)
(5.0,0.6,0.9) = (0.000,0.412339,0.332425,0.255236)
(5.0,0.6,1.0) = (0.001,0.534031,0.218947,0.246264)
(5.0,0.7,0.0) = (0.000,0.283378,0.344458,0.372164)
(5.0,0.7,0.1) = (0.000,0.272922,0.415089,0.311989)
(5.0,0.7,0.2) = (0.000,0.311925,0.281583,0.406492)
(5.0,0.7,0.3) = (0.000,0.276161,0.321136,0.402703)
(5.0,0.7,0.4) = (0.000,0.356364,0.390978,0.252658)
(5.0,0.7,0.5) = (0.000,0.317964,0.419225,0.262811)
(5.0,0.7,0.6) = (0.000,0.329178,0.352633,0.318189)
(5.0,0.7,0.7) = (0.000,0.354425,0.302483,0.343092)
(5.0,0.7,0.8) = (0.000,0.385317,0.309436,0.305247)
(5.0,0.7,0.9) = (0.000,0.435917,0.259275,0.304808)
(5.0,0.7,1.0) = (0.000,0.461506,0.336147,0.202347)
(5.0,0.8,0.0) = (0.000,0.231725,0.323197,0.445078)
(5.0,0.8,0.1) = (0.000,0.272167,0.429061,0.298772)
(5.0,0.8,0.2) = (0.000,0.252211,0.454881,0.292908)
(5.0,0.8,0.3) = (0.000,0.434850,0.269025,0.296125)
(5.0,0.8,0.4) = (0.000,0.404647,0.323192,0.272161)
(5.0,0.8,0.5) = (0.000,0.330564,0.341581,0.327856)
(5.0,0.8,0.6) = (0.000,0.326053,0.378294,0.295653)
(5.0,0.8,0.7) = (0.000,0.326533,0.300922,0.372544)
(5.0,0.8,0.8) = (0.000,0.372828,0.352450,0.274722)
(5.0,0.8,0.9) = (0.000,0.447331,0.305161,0.247508)
(5.0,0.8,1.0) = (0.000,0.333444,0.320975,0.345581)
(5.0,0.9,0.0) = (0.000,0.273419,0.361114,0.365467)
(5.0,0.9,0.1) = (0.000,0.333947,0.236606,0.429447)
(5.0,0.9,0.2) = (0.000,0.331278,0.381461,0.287261)
(5.0,0.9,0.3) = (0.000,0.264706,0.343486,0.391808)
(5.0,0.9,0.4) = (0.000,0.375525,0.232494,0.391981)
(5.0,0.9,0.5) = (0.000,0.307572,0.332972,0.359456)
(5.0,0.9,0.6) = (0.000,0.331519,0.344419,0.324061)
(5.0,0.9,0.7) = (0.000,0.337861,0.319772,0.342367)
(5.0,0.9,0.8) = (0.000,0.380019,0.333350,0.286631)
(5.0,0.9,0.9) = (0.000,0.410425,0.323556,0.266019)
(5.0,0.9,1.0) = (0.000,0.500994,0.251294,0.247711)
(5.0,1.0,0.0) = (0.000,0.396644,0.340447,0.262908)
(5.0,1.0,0.1) = (0.000,0.298978,0.325094,0.375928)
(5.0,1.0,0.2) = (0.000,0.268961,0.421694,0.309344)
(5.0,1.0,0.3) = (0.000,0.294242,0.364978,0.340781)
(5.0,1.0,0.4) = (0.000,0.303200,0.378078,0.318722)
(5.0,1.0,0.5) = (0.000,0.266706,0.456953,0.276342)
(5.0,1.0,0.6) = (0.000,0.322856,0.311756,0.365389)
(5.0,1.0,0.7) = (0.000,0.358197,0.305039,0.336764)
(5.0,1.0,0.8) = (0.000,0.361439,0.291817,0.346744)
(5.0,1.0,0.9) = (0.000,0.343594,0.307122,0.349283)
(5.0,1.0,1.0) = (0.000,0.460031,0.330017,0.209953)
