(2.5,0.0,0.0) = (1.000,0.000000,0.000000,0.000000)
(2.5,0.0,0.1) = (1.000,0.000000,0.000000,0.000000)
(2.5,0.0,0.2) = (1.000,0.000000,0.000000,0.000000)
(2.5,0.0,0.3) = (1.000,0.000000,0.000000,0.000000)
(2.5,0.0,0.4) = (1.000,0.000000,0.000000,0.000000)
(2.5,0.0,0.5) = (1.000,0.000000,0.000000,0.000000)
(2.5,0.0,0.6) = (1.000,0.000000,0.000000,0.000000)
(2.5,0.0,0.7) = (1.000,0.000000,0.000000,0.000000)
(2.5,0.0,0.8) = (1.000,0.000000,0.000000,0.000000)
(2.5,0.0,0.9) = (1.000,0.000000,0.000000,0.000000)
(2.5,0.0,1.0) = (1.000,0.000000,0.000000,0.000000)
(2.5,0.1,0.0) = (0.000,0.000000,0.000000,1.000000)
(2.5,0.1,0.1) = (1.000,0.000000,0.000000,0.000000)
(2.5,0.1,0.2) = (1.000,0.000000,0.000000,0.000000)
(2.5,0.1,0.3) = (1.000,0.000000,0.000000,0.000000)
(2.5,0.1,0.4) = (1.000,0.000000,0.000000,0.000000)
(2.5,0.1,0.5) = (1.000,0.000000,0.000000,0.000000)
(2.5,0.1,0.6) = (1.000,0.000000,0.000000,0.000000)
(2.5,0.1,0.7) = (1.000,0.000000,0.000000,0.000000)
(2.5,0.1,0.8) = (1.000,0.000000,0.000000,0.000000)
(2.5,0.1,0.9) = (1.000,0.000000,0.000000,0.000000)
(2.5,0.1,1.0) = (1.000,0.000000,0.000000,0.000000)
(2.5,0.2,0.0) = (0.000,0.059997,0.348950,0.591053)
(2.5,0.2,0.1) = (0.000,0.000000,0.000000,1.000000)
(2.5,0.2,0.2) = (1.000,0.000000,0.000000,0.000000)
(2.5,0.2,0.3) = (1.000,0.000000,0.000000,0.000000)
(2.5,0.2,0.4) = (1.000,0.000000,0.000000,0.000000)
(2.5,0.2,0.5) = (1.000,0.000000,0.000000,0.000000)
(2.5,0.2,0.6) = (1.000,0.000000,0.000000,0.000000)
(2.5,0.2,0.7) = (1.000,0.000000,0.000000,0.000000)
(2.5,0.2,0.8) = (1.000,0.000000,0.000000,0.000000)
(2.5,0.2,0.9) = (1.000,0.000000,0.000000,0.000000)
(2.5,0.2,1.0) = (1.000,0.000000,0.000000,0.000000)
(2.5,0.3,0.0) = (0.000,0.182842,0.368192,0.448967)
(2.5,0.3,0.1) = (0.000,0.143742,0.395400,0.460858)
(2.5,0.3,0.2) = (0.000,0.000000,0.003567,0.996433)
(2.5,0.3,0.3) = (1.000,0.000000,0.000000,0.000000)
(2.5,0.3,0.4) = (1.000,0.000000,0.000000,0.000000)
(2.5,0.3,0.5) = (1.000,0.000000,0.000000,0.000000)
(2.5,0.3,0.6) = (1.000,0.000000,0.000000,0.000000)
(2.5,0.3,0.7) = (1.000,0.000000,0.000000,0.000000)
(2.5,0.3,0.8) = (1.000,0.000000,0.000000,0.000000)
(2.5,0.3,0.9) = (1.000,0.000000,0.000000,0.000000)
(2.5,0.3,1.0) = (1.000,0.000000,0.000000,0.000000)
(2.5,0.4,0.0) = (0.000,0.278825,0.380519,0.340656)
(2.5,0.4,0.1) = (0.000,0.274106,0.373864,0.352031)
(2.5,0.4,0.2) = (0.000,0.172358,0.489919,0.337722)
(2.5,0.4,0.3) = (0.000,0.007203,0.012275,0.980522)
(2.5,0.4,0.4) = (1.000,0.000000,0.000000,0.000000)
(2.5,0.4,0.5) = (1.000,0.000000,0.000000,0.000000)
(2.5,0.4,0.6) = (1.000,0.000000,0.000000,0.000000)
(2.5,0.4,0.7) = (1.000,0.000000,0.000000,0.000000)
(2.5,0.4,0.8) = (1.000,0.000000,0.000000,0.000000)
(2.5,0.4,0.9) = (1.000,0.000000,0.000000,0.000000)
(2.5,0.4,1.0) = (1.000,0.000000,0.000000,0.000000)
(2.5,0.5,0.0) = (0.000,0.334064,0.304950,0.360986)
(2.5,0.5,0.1) = (0.000,0.370611,0.366317,0.263072)
(2.5,0.5,0.2) = (0.000,0.360392,0.357331,0.282278)
(2.5,0.5,0.3) = (0.000,0.153986,0.537331,0.308683)
(2.5,0.5,0.4) = (1.000,0.000000,0.000000,0.000000)
(2.5,0.5,0.5) = (1.000,0.000000,0.000000,0.000000)
(2.5,0.5,0.6) = (1.000,0.000000,0.000000,0.000000)
(2.5,0.5,0.7) = (1.000,0.000000,0.000000,0.000000)
(2.5,0.5,0.8) = (1.000,0.000000,0.000000,0.000000)
(2.5,0.5,0.9) = (1.000,0.000000,0.000000,0.000000)
(2.5,0.5,1.0) = (1.000,0.000000,0.000000,0.000000)
(2.5,0.6,0.0) = (0.000,0.379056,0.308269,0.312675)
(2.5,0.6,0.1) = (0.000,0.401381,0.294692,0.303928)
(2.5,0.6,0.2) = (0.000,0.440608,0.341647,0.217744)
(2.5,0.6,0.3) = (0.000,0.262919,0.434717,0.302364)
(2.5,0.6,0.4) = (0.000,0.079139,0.634131,0.286731)
(2.5,0.6,0.5) = (1.000,0.000000,0.000000,0.000000)
(2.5,0.6,0.6) = (1.000,0.000000,0.000000,0.000000)
(2.5,0.6,0.7) = (1.000,0.000000,0.000000,0.000000)
(2.5,0.6,0.8) = (1.000,0.000000,0.000000,0.000000)
(2.5,0.6,0.9) = (1.000,0.000000,0.000000,0.000000)
(2.5,0.6,1.0) = (1.000,0.000000,0.000000,0.000000)
(2.5,0.7,0.0) = (0.000,0.343717,0.377075,0.279208)
(2.5,0.7,0.1) = (0.000,0.392525,0.317600,0.289875)
(2.5,0.7,0.2) = (0.000,0.414364,0.328947,0.256689)
(2.5,0.7,0.3) = (0.000,0.367692,0.343075,0.289233)
(2.5,0.7,0.4) = (0.000,0.225500,0.487217,0.287283)
(2.5,0.7,0.5) = (0.000,0.060858,0.882344,0.056797)
(2.5,0.7,0.6) = (1.000,0.000000,0.000000,0.000000)
(2.5,0.7,0.7) = (1.000,0.000000,0.000000,0.000000)
(2.5,0.7,0.8) = (1.000,0.000000,0.000000,0.000000)
(2.5,0.7,0.9) = (1.000,0.000000,0.000000,0.000000)
(2.5,0.7,1.0) = (1.000,0.000000,0.000000,0.000000)
(2.5,0.8,0.0) = (0.000,0.363950,0.262894,0.373156)
(2.5,0.8,0.1) = (0.000,0.359453,0.350536,0.290011)
(2.5,0.8,0.2) = (0.000,0.412994,0.336381,0.250625)
(2.5,0.8,0.3) = (0.000,0.328789,0.386719,0.284492)
(2.5,0.8,0.4) = (0.000,0.266056,0.415253,0.318692)
(2.5,0.8,0.5) = (0.000,0.194172,0.687708,0.118119)
(2.5,0.8,0.6) = (0.000,0.052389,0.947611,0.000000)
(2.5,0.8,0.7) = (1.000,0.000000,0.000000,0.000000)
(2.5,0.8,0.8) = (1.000,0.000000,0.000000,0.000000)
(2.5,0.8,0.9) = (1.000,0.000000,0.000000,0.000000)
(2.5,0.8,1.0) = (1.000,0.000000,0.000000,0.000000)
(2.5,0.9,0.0) = (0.000,0.336386,0.303467,0.360147)
(2.5,0.9,0.1) = (0.000,0.354728,0.327286,0.317986)
(2.5,0.9,0.2) = (0.000,0.434417,0.330836,0.234747)
(2.5,0.9,0.3) = (0.000,0.483556,0.300567,0.215878)
(2.5,0.9,0.4) = (0.000,0.346731,0.319450,0.333819)
(2.5,0.9,0.5) = (0.000,0.273556,0.541064,0.185381)
(2.5,0.9,0.6) = (0.000,0.095300,0.864000,0.040700)
(2.5,0.9,0.7) = (1.000,0.000000,0.000000,0.000000)
(2.5,0.9,0.8) = (1.000,0.000000,0.000000,0.000000)
(2.5,0.9,0.9) = (1.000,0.000000,0.000000,0.000000)
(2.5,0.9,1.0) = (1.000,0.000000,0.000000,0.000000)
(2.5,1.0,0.0) = (0.000,0.338664,0.309094,0.352242)
(2.5,1.0,0.1) = (0.000,0.367950,0.327711,0.304339)
(2.5,1.0,0.2) = (0.000,0.361394,0.294181,0.344425)
(2.5,1.0,0.3) = (0.000,0.438744,0.317469,0.243786)
(2.5,1.0,0.4) = (0.000,0.386358,0.408369,0.205272)
(2.5,1.0,0.5) = (0.000,0.310314,0.448628,0.241058)
(2.5,1.0,0.6) = (0.000,0.178483,0.699436,0.122081)
(2.5,1.0,0.7) = (0.000,0.060008,0.939992,0.000000)
(2.5,1.0,0.8) = (1.000,0.000000,0.000000,0.000000)
(2.5,1.0,0.9) = (1.000,0.000000,0.000000,0.000000)
(2.5,1.0,1.0) = (1.000,0.000000,0.000000,0.000000)
(3.0,0.0,0.0) = (1.000,0.000000,0.000000,0.000000)
(3.0,0.0,0.1) = (1.000,0.000000,0.000000,0.000000)
(3.0,0.0,0.2) = (1.000,0.000000,0.000000,0.000000)
(3.0,0.0,0.3) = (1.000,0.000000,0.000000,0.000000)
(3.0,0.0,0.4) = (1.000,0.000000,0.000000,0.000000)
(3.0,0.0,0.5) = (1.000,0.000000,0.000000,0.000000)
(3.0,0.0,0.6) = (1.000,0.000000,0.000000,0.000000)
(3.0,0.0,0.7) = (1.000,0.000000,0.000000,0.000000)
(3.0,0.0,0.8) = (1.000,0.000000,0.000000,0.000000)
(3.0,0.0,0.9) = (1.000,0.000000,0.000000,0.000000)
(3.0,0.0,1.0) = (1.000,0.000000,0.000000,0.000000)
(3.0,0.1,0.0) = (0.000,0.004017,0.072308,0.923675)
(3.0,0.1,0.1) = (1.000,0.000000,0.000000,0.000000)
(3.0,0.1,0.2) = (1.000,0.000000,0.000000,0.000000)
(3.0,0.1,0.3) = (1.000,0.000000,0.000000,0.000000)
(3.0,0.1,0.4) = (1.000,0.000000,0.000000,0.000000)
(3.0,0.1,0.5) = (1.000,0.000000,0.000000,0.000000)
(3.0,0.1,0.6) = (1.000,0.000000,0.000000,0.000000)
(3.0,0.1,0.7) = (1.000,0.000000,0.000000,0.000000)
(3.0,0.1,0.8) = (1.000,0.000000,0.000000,0.000000)
(3.0,0.1,0.9) = (1.000,0.000000,0.000000,0.000000)
(3.0,0.1,1.0) = (1.000,0.000000,0.000000,0.000000)
(3.0,0.2,0.0) = (0.000,0.144614,0.322497,0.532889)
(3.0,0.2,0.1) = (0.000,0.043481,0.362578,0.593942)
(3.0,0.2,0.2) = (1.000,0.000000,0.000000,0.000000)
(3.0,0.2,0.3) = (1.000,0.000000,0.000000,0.000000)
(3.0,0.2,0.4) = (1.000,0.000000,0.000000,0.000000)
(3.0,0.2,0.5) = (1.000,0.000000,0.000000,0.000000)
(3.0,0.2,0.6) = (1.000,0.000000,0.000000,0.000000)
(3.0,0.2,0.7) = (1.000,0.000000,0.000000,0.000000)
(3.0,0.2,0.8) = (1.000,0.000000,0.000000,0.000000)
(3.0,0.2,0.9) = (1.000,0.000000,0.000000,0.000000)
(3.0,0.2,1.0) = (1.000,0.000000,0.000000,0.000000)
(3.0,0.3,0.0) = (0.000,0.276811,0.347594,0.375594)
(3.0,0.3,0.1) = (0.000,0.272514,0.396881,0.330606)
(3.0,0.3,0.2) = (0.000,0.087592,0.435956,0.476453)
(3.0,0.3,0.3) = (1.000,0.000000,0.000000,0.000000)
(3.0,0.3,0.4) = (1.000,0.000000,0.000000,0.000000)
(3.0,0.3,0.5) = (1.000,0.000000,0.000000,0.000000)
(3.0,0.3,0.6) = (1.000,0.000000,0.000000,0.000000)
(3.0,0.3,0.7) = (1.000,0.000000,0.000000,0.000000)
(3.0,0.3,0.8) = (1.000,0.000000,0.000000,0.000000)
(3.0,0.3,0.9) = (1.000,0.000000,0.000000,0.000000)
(3.0,0.3,1.0) = (1.000,0.000000,0.000000,0.000000)
(3.0,0.4,0.0) = (0.000,0.234869,0.359333,0.405797)
(3.0,0.4,0.1) = (0.000,0.274272,0.352553,0.373175)
(3.0,0.4,0.2) = (0.000,0.329136,0.383433,0.287431)
(3.0,0.4,0.3) = (0.000,0.115292,0.536100,0.348608)
(3.0,0.4,0.4) = (0.265,0.076097,0.000000,0.658983)
(3.0,0.4,0.5) = (1.000,0.000000,0.000000,0.000000)
(3.0,0.4,0.6) = (1.000,0.000000,0.000000,0.000000)
(3.0,0.4,0.7) = (1.000,0.000000,0.000000,0.000000)
(3.0,0.4,0.8) = (1.000,0.000000,0.000000,0.000000)
(3.0,0.4,0.9) = (1.000,0.000000,0.000000,0.000000)
(3.0,0.4,1.0) = (1.000,0.000000,0.000000,0.000000)
(3.0,0.5,0.0) = (0.000,0.334117,0.352803,0.313081)
(3.0,0.5,0.1) = (0.000,0.285831,0.353922,0.360247)
(3.0,0.5,0.2) = (0.000,0.297103,0.387922,0.314975)
(3.0,0.5,0.3) = (0.000,0.271711,0.440614,0.287675)
(3.0,0.5,0.4) = (0.000,0.180600,0.593136,0.226264)
(3.0,0.5,0.5) = (0.697,0.065797,0.000000,0.237269)
(3.0,0.5,0.6) = (1.000,0.000000,0.000000,0.000000)
(3.0,0.5,0.7) = (1.000,0.000000,0.000000,0.000000)
(3.0,0.5,0.8) = (1.000,0.000000,0.000000,0.000000)
(3.0,0.5,0.9) = (1.000,0.000000,0.000000,0.000000)
(3.0,0.5,1.0) = (1.000,0.000000,0.000000,0.000000)
(3.0,0.6,0.0) = (0.000,0.326122,0.301992,0.371886)
(3.0,0.6,0.1) = (0.000,0.347786,0.365033,0.287181)
(3.0,0.6,0.2) = (0.000,0.340583,0.346556,0.312861)
(3.0,0.6,0.3) = (0.000,0.408347,0.279464,0.312189)
(3.0,0.6,0.4) = (0.000,0.318133,0.413272,0.268594)
(3.0,0.6,0.5) = (0.000,0.223097,0.514194,0.262708)
(3.0,0.6,0.6) = (0.975,0.004547,0.013678,0.006292)
(3.0,0.6,0.7) = (1.000,0.000000,0.000000,0.000000)
(3.0,0.6,0.8) = (1.000,0.000000,0.000000,0.000000)
(3.0,0.6,0.9) = (1.000,0.000000,0.000000,0.000000)
(3.0,0.6,1.0) = (1.000,0.000000,0.000000,0.000000)
(3.0,0.7,0.0) = (0.000,0.352667,0.334581,0.312753)
(3.0,0.7,0.1) = (0.000,0.347158,0.370825,0.282017)
(3.0,0.7,0.2) = (0.000,0.389864,0.306364,0.303772)
(3.0,0.7,0.3) = (0.000,0.421658,0.367639,0.210703)
(3.0,0.7,0.4) = (0.000,0.390525,0.391803,0.217672)
(3.0,0.7,0.5) = (0.000,0.258350,0.497344,0.244306)
(3.0,0.7,0.6) = (0.000,0.155447,0.637606,0.206947)
(3.0,0.7,0.7) = (0.377,0.066533,0.556119,0.000000)
(3.0,0.7,0.8) = (1.000,0.000000,0.000000,0.000000)
(3.0,0.7,0.9) = (1.000,0.000000,0.000000,0.000000)
(3.0,0.7,1.0) = (1.000,0.000000,0.000000,0.000000)
(3.0,0.8,0.0) = (0.000,0.260894,0.352711,0.386394)
(3.0,0.8,0.1) = (0.000,0.394158,0.293311,0.312531)
(3.0,0.8,0.2) = (0.000,0.392275,0.341383,0.266342)
(3.0,0.8,0.3) = (0.000,0.445533,0.277381,0.277086)
(3.0,0.8,0.4) = (0.000,0.424825,0.327306,0.247869)
(3.0,0.8,0.5) = (0.000,0.347192,0.378911,0.273897)
(3.0,0.8,0.6) = (0.000,0.247119,0.504803,0.248078)
(3.0,0.8,0.7) = (0.000,0.172894,0.686003,0.141103)
(3.0,0.8,0.8) = (0.763,0.043800,0.193467,0.000000)
(3.0,0.8,0.9) = (1.000,0.000000,0.000000,0.000000)
(3.0,0.8,1.0) = (1.000,0.000000,0.000000,0.000000)
(3.0,0.9,0.0) = (0.000,0.281744,0.368575,0.349681)
(3.0,0.9,0.1) = (0.000,0.391303,0.334872,0.273825)
(3.0,0.9,0.2) = (0.000,0.389597,0.375486,0.234917)
(3.0,0.9,0.3) = (0.000,0.414311,0.375575,0.210114)
(3.0,0.9,0.4) = (0.000,0.402058,0.285328,0.312614)
(3.0,0.9,0.5) = (0.000,0.375281,0.367481,0.257239)
(3.0,0.9,0.6) = (0.000,0.294500,0.524719,0.180781)
(3.0,0.9,0.7) = (0.000,0.212050,0.600258,0.187692)
(3.0,0.9,0.8) = (0.000,0.213931,0.731572,0.054497)
(3.0,0.9,0.9) = (0.987,0.004175,0.008758,0.000000)
(3.0,0.9,1.0) = (1.000,0.000000,0.000000,0.000000)
(3.0,1.0,0.0) = (0.000,0.319231,0.371158,0.309611)
(3.0,1.0,0.1) = (0.000,0.427108,0.332769,0.240122)
(3.0,1.0,0.2) = (0.000,0.473700,0.242806,0.283494)
(3.0,1.0,0.3) = (0.000,0.401061,0.428744,0.170194)
(3.0,1.0,0.4) = (0.000,0.553067,0.313289,0.133644)
(3.0,1.0,0.5) = (0.000,0.431028,0.341494,0.227478)
(3.0,1.0,0.6) = (0.000,0.304325,0.456233,0.239442)
(3.0,1.0,0.7) = (0.000,0.259681,0.523336,0.216983)
(3.0,1.0,0.8) = (0.000,0.183375,0.682803,0.133822)
(3.0,1.0,0.9) = (0.000,0.127761,0.836983,0.035256)
(3.0,1.0,1.0) = (1.000,0.000000,0.000000,0.000000)
(3.5,0.0,0.0) = (1.000,0.000000,0.000000,0.000000)
(3.5,0.0,0.1) = (1.000,0.000000,0.000000,0.000000)
(3.5,0.0,0.2) = (1.000,0.000000,0.000000,0.000000)
(3.5,0.0,0.3) = (1.000,0.000000,0.000000,0.000000)
(3.5,0.0,0.4) = (1.000,0.000000,0.000000,0.000000)
(3.5,0.0,0.5) = (1.000,0.000000,0.000000,0.000000)
(3.5,0.0,0.6) = (1.000,0.000000,0.000000,0.000000)
(3.5,0.0,0.7) = (1.000,0.000000,0.000000,0.000000)
(3.5,0.0,0.8) = (1.000,0.000000,0.000000,0.000000)
(3.5,0.0,0.9) = (1.000,0.000000,0.000000,0.000000)
(3.5,0.0,1.0) = (1.000,0.000000,0.000000,0.000000)
(3.5,0.1,0.0) = (0.000,0.029783,0.225592,0.744625)
(3.5,0.1,0.1) = (0.000,0.000000,0.283178,0.716822)
(3.5,0.1,0.2) = (1.000,0.000000,0.000000,0.000000)
(3.5,0.1,0.3) = (1.000,0.000000,0.000000,0.000000)
(3.5,0.1,0.4) = (1.000,0.000000,0.000000,0.000000)
(3.5,0.1,0.5) = (1.000,0.000000,0.000000,0.000000)
(3.5,0.1,0.6) = (1.000,0.000000,0.000000,0.000000)
(3.5,0.1,0.7) = (1.000,0.000000,0.000000,0.000000)
(3.5,0.1,0.8) = (1.000,0.000000,0.000000,0.000000)
(3.5,0.1,0.9) = (1.000,0.000000,0.000000,0.000000)
(3.5,0.1,1.0) = (1.000,0.000000,0.000000,0.000000)
(3.5,0.2,0.0) = (0.000,0.178367,0.353586,0.468047)
(3.5,0.2,0.1) = (0.000,0.132269,0.356333,0.511397)
(3.5,0.2,0.2) = (0.000,0.053189,0.688567,0.258244)
(3.5,0.2,0.3) = (1.000,0.000000,0.000000,0.000000)
(3.5,0.2,0.4) = (1.000,0.000000,0.000000,0.000000)
(3.5,0.2,0.5) = (1.000,0.000000,0.000000,0.000000)
(3.5,0.2,0.6) = (1.000,0.000000,0.000000,0.000000)
(3.5,0.2,0.7) = (1.000,0.000000,0.000000,0.000000)
(3.5,0.2,0.8) = (1.000,0.000000,0.000000,0.000000)
(3.5,0.2,0.9) = (1.000,0.000000,0.000000,0.000000)
(3.5,0.2,1.0) = (1.000,0.000000,0.000000,0.000000)
(3.5,0.3,0.0) = (0.000,0.258083,0.359700,0.382217)
(3.5,0.3,0.1) = (0.000,0.256281,0.392483,0.351236)
(3.5,0.3,0.2) = (0.000,0.262244,0.375117,0.362639)
(3.5,0.3,0.3) = (0.000,0.183153,0.582481,0.234367)
(3.5,0.3,0.4) = (0.984,0.005900,0.000000,0.009725)
(3.5,0.3,0.5) = (1.000,0.000000,0.000000,0.000000)
(3.5,0.3,0.6) = (1.000,0.000000,0.000000,0.000000)
(3.5,0.3,0.7) = (1.000,0.000000,0.000000,0.000000)
(3.5,0.3,0.8) = (1.000,0.000000,0.000000,0.000000)
(3.5,0.3,0.9) = (1.000,0.000000,0.000000,0.000000)
(3.5,0.3,1.0) = (1.000,0.000000,0.000000,0.000000)
(3.5,0.4,0.0) = (0.000,0.212733,0.407739,0.379528)
(3.5,0.4,0.1) = (0.000,0.305856,0.383808,0.310336)
(3.5,0.4,0.2) = (0.000,0.310544,0.393644,0.295811)
(3.5,0.4,0.3) = (0.000,0.331772,0.409992,0.258236)
(3.5,0.4,0.4) = (0.000,0.186658,0.498050,0.315292)
(3.5,0.4,0.5) = (0.000,0.151622,0.109861,0.738517)
(3.5,0.4,0.6) = (1.000,0.000000,0.000000,0.000000)
(3.5,0.4,0.7) = (1.000,0.000000,0.000000,0.000000)
(3.5,0.4,0.8) = (1.000,0.000000,0.000000,0.000000)
(3.5,0.4,0.9) = (1.000,0.000000,0.000000,0.000000)
(3.5,0.4,1.0) = (1.000,0.000000,0.000000,0.000000)
(3.5,0.5,0.0) = (0.000,0.281308,0.386183,0.332508)
(3.5,0.5,0.1) = (0.000,0.284147,0.328175,0.387678)
(3.5,0.5,0.2) = (0.000,0.421558,0.351381,0.227061)
(3.5,0.5,0.3) = (0.000,0.396408,0.421681,0.181911)
(3.5,0.5,0.4) = (0.000,0.376772,0.335864,0.287364)
(3.5,0.5,0.5) = (0.000,0.232772,0.457025,0.310203)
(3.5,0.5,0.6) = (0.000,0.158208,0.471761,0.370031)
(3.5,0.5,0.7) = (1.000,0.000000,0.000000,0.000000)
(3.5,0.5,0.8) = (1.000,0.000000,0.000000,0.000000)
(3.5,0.5,0.9) = (1.000,0.000000,0.000000,0.000000)
(3.5,0.5,1.0) = (1.000,0.000000,0.000000,0.000000)
(3.5,0.6,0.0) = (0.000,0.326203,0.412653,0.261144)
(3.5,0.6,0.1) = (0.000,0.342328,0.327931,0.329742)
(3.5,0.6,0.2) = (0.000,0.380450,0.319150,0.300400)
(3.5,0.6,0.3) = (0.000,0.481547,0.316556,0.201897)
(3.5,0.6,0.4) = (0.000,0.372414,0.335656,0.291931)
(3.5,0.6,0.5) = (0.000,0.310717,0.424831,0.264453)
(3.5,0.6,0.6) = (0.000,0.248303,0.490889,0.260808)
(3.5,0.6,0.7) = (0.000,0.221428,0.501753,0.276819)
(3.5,0.6,0.8) = (0.989,0.005619,0.001764,0.003617)
(3.5,0.6,0.9) = (1.000,0.000000,0.000000,0.000000)
(3.5,0.6,1.0) = (1.000,0.000000,0.000000,0.000000)
(3.5,0.7,0.0) = (0.000,0.290697,0.374911,0.334392)
(3.5,0.7,0.1) = (0.000,0.402392,0.286739,0.310869)
(3.5,0.7,0.2) = (0.000,0.480278,0.296911,0.222811)
(3.5,0.7,0.3) = (0.000,0.497850,0.292978,0.209172)
(3.5,0.7,0.4) = (0.000,0.419214,0.345850,0.234936)
(3.5,0.7,0.5) = (0.000,0.385739,0.381294,0.232967)
(3.5,0.7,0.6) = (0.000,0.330025,0.393414,0.276561)
(3.5,0.7,0.7) = (0.000,0.230731,0.484992,0.284278)
(3.5,0.7,0.8) = (0.000,0.177961,0.547242,0.274797)
(3.5,0.7,0.9) = (0.873,0.056953,0.064808,0.005072)
(3.5,0.7,1.0) = (1.000,0.000000,0.000000,0.000000)
(3.5,0.8,0.0) = (0.000,0.268667,0.347914,0.383419)
(3.5,0.8,0.1) = (0.000,0.378972,0.346631,0.274397)
(3.5,0.8,0.2) = (0.000,0.351611,0.371558,0.276831)
(3.5,0.8,0.3) = (0.000,0.366061,0.318936,0.315003)
(3.5,0.8,0.4) = (0.000,0.452428,0.295025,0.252547)
(3.5,0.8,0.5) = (0.000,0.462936,0.329953,0.207111)
(3.5,0.8,0.6) = (0.000,0.475617,0.371686,0.152697)
(3.5,0.8,0.7) = (0.000,0.301164,0.477881,0.220956)
(3.5,0.8,0.8) = (0.000,0.270250,0.476933,0.252817)
(3.5,0.8,0.9) = (0.000,0.201067,0.535481,0.263453)
(3.5,0.8,1.0) = (0.396,0.195158,0.374147,0.034392)
(3.5,0.9,0.0) = (0.000,0.342622,0.268892,0.388486)
(3.5,0.9,0.1) = (0.000,0.411606,0.320664,0.267731)
(3.5,0.9,0.2) = (0.000,0.289114,0.446019,0.264867)
(3.5,0.9,0.3) = (0.000,0.476261,0.337733,0.186006)
(3.5,0.9,0.4) = (0.000,0.528764,0.325822,0.145414)
(3.5,0.9,0.5) = (0.000,0.459553,0.359850,0.180597)
(3.5,0.9,0.6) = (0.000,0.422447,0.384664,0.192889)
(3.5,0.9,0.7) = (0.000,0.411019,0.397856,0.191125)
(3.5,0.9,0.8) = (0.000,0.298122,0.482661,0.219217)
(3.5,0.9,0.9) = (0.000,0.265381,0.490397,0.244222)
(3.5,0.9,1.0) = (0.000,0.232575,0.589564,0.177861)
(3.5,1.0,0.0) = (0.000,0.363892,0.328381,0.307728)
(3.5,1.0,0.1) = (0.000,0.328028,0.408469,0.263503)
(3.5,1.0,0.2) = (0.000,0.349433,0.338019,0.312547)
(3.5,1.0,0.3) = (0.000,0.440356,0.317336,0.242308)
(3.5,1.0,0.4) = (0.000,0.461083,0.337622,0.201294)
(3.5,1.0,0.5) = (0.000,0.446661,0.280772,0.272567)
(3.5,1.0,0.6) = (0.000,0.496789,0.286039,0.217172)
(3.5,1.0,0.7) = (0.000,0.462883,0.312631,0.224486)
(3.5,1.0,0.8) = (0.000,0.370858,0.363850,0.265292)
(3.5,1.0,0.9) = (0.000,0.317644,0.484092,0.198264)
(3.5,1.0,1.0) = (0.000,0.293128,0.535458,0.171414)
(3.6,0.0,0.0) = (1.000,0.000000,0.000000,0.000000)
(3.6,0.0,0.1) = (1.000,0.000000,0.000000,0.000000)
(3.6,0.0,0.2) = (1.000,0.000000,0.000000,0.000000)
(3.6,0.0,0.3) = (1.000,0.000000,0.000000,0.000000)
(3.6,0.0,0.4) = (1.000,0.000000,0.000000,0.000000)
(3.6,0.0,0.5) = (1.000,0.000000,0.000000,0.000000)
(3.6,0.0,0.6) = (1.000,0.000000,0.000000,0.000000)
(3.6,0.0,0.7) = (1.000,0.000000,0.000000,0.000000)
(3.6,0.0,0.8) = (1.000,0.000000,0.000000,0.000000)
(3.6,0.0,0.9) = (1.000,0.000000,0.000000,0.000000)
(3.6,0.0,1.0) = (1.000,0.000000,0.000000,0.000000)
(3.6,0.1,0.0) = (0.000,0.019997,0.255192,0.724811)
(3.6,0.1,0.1) = (0.000,0.000000,0.453917,0.546083)
(3.6,0.1,0.2) = (1.000,0.000000,0.000000,0.000000)
(3.6,0.1,0.3) = (1.000,0.000000,0.000000,0.000000)
(3.6,0.1,0.4) = (1.000,0.000000,0.000000,0.000000)
(3.6,0.1,0.5) = (1.000,0.000000,0.000000,0.000000)
(3.6,0.1,0.6) = (1.000,0.000000,0.000000,0.000000)
(3.6,0.1,0.7) = (1.000,0.000000,0.000000,0.000000)
(3.6,0.1,0.8) = (1.000,0.000000,0.000000,0.000000)
(3.6,0.1,0.9) = (1.000,0.000000,0.000000,0.000000)
(3.6,0.1,1.0) = (1.000,0.000000,0.000000,0.000000)
(3.6,0.2,0.0) = (0.000,0.156069,0.307411,0.536519)
(3.6,0.2,0.1) = (0.000,0.185308,0.333794,0.480897)
(3.6,0.2,0.2) = (0.000,0.123686,0.546147,0.330167)
(3.6,0.2,0.3) = (1.000,0.000000,0.000000,0.000000)
(3.6,0.2,0.4) = (1.000,0.000000,0.000000,0.000000)
(3.6,0.2,0.5) = (1.000,0.000000,0.000000,0.000000)
(3.6,0.2,0.6) = (1.000,0.000000,0.000000,0.000000)
(3.6,0.2,0.7) = (1.000,0.000000,0.000000,0.000000)
(3.6,0.2,0.8) = (1.000,0.000000,0.000000,0.000000)
(3.6,0.2,0.9) = (1.000,0.000000,0.000000,0.000000)
(3.6,0.2,1.0) = (1.000,0.000000,0.000000,0.000000)
(3.6,0.3,0.0) = (0.000,0.227319,0.374592,0.398089)
(3.6,0.3,0.1) = (0.000,0.358958,0.352506,0.288536)
(3.6,0.3,0.2) = (0.000,0.341431,0.355114,0.303456)
(3.6,0.3,0.3) = (0.000,0.241853,0.414078,0.344069)
(3.6,0.3,0.4) = (0.031,0.153586,0.065281,0.750631)
(3.6,0.3,0.5) = (1.000,0.000000,0.000000,0.000000)
(3.6,0.3,0.6) = (1.000,0.000000,0.000000,0.000000)
(3.6,0.3,0.7) = (1.000,0.000000,0.000000,0.000000)
(3.6,0.3,0.8) = (1.000,0.000000,0.000000,0.000000)
(3.6,0.3,0.9) = (1.000,0.000000,0.000000,0.000000)
(3.6,0.3,1.0) = (1.000,0.000000,0.000000,0.000000)
(3.6,0.4,0.0) = (0.000,0.321394,0.342592,0.336014)
(3.6,0.4,0.1) = (0.000,0.243414,0.397881,0.358706)
(3.6,0.4,0.2) = (0.000,0.321494,0.425942,0.252564)
(3.6,0.4,0.3) = (0.000,0.381808,0.387328,0.230864)
(3.6,0.4,0.4) = (0.000,0.291878,0.462508,0.245614)
(3.6,0.4,0.5) = (0.000,0.179819,0.369764,0.450417)
(3.6,0.4,0.6) = (1.000,0.000000,0.000000,0.000000)
(3.6,0.4,0.7) = (1.000,0.000000,0.000000,0.000000)
(3.6,0.4,0.8) = (1.000,0.000000,0.000000,0.000000)
(3.6,0.4,0.9) = (1.000,0.000000,0.000000,0.000000)
(3.6,0.4,1.0) = (1.000,0.000000,0.000000,0.000000)
(3.6,0.5,0.0) = (0.000,0.422806,0.272083,0.305111)
(3.6,0.5,0.1) = (0.000,0.348267,0.351742,0.299992)
(3.6,0.5,0.2) = (0.000,0.393936,0.332236,0.273828)
(3.6,0.5,0.3) = (0.000,0.342897,0.303125,0.353978)
(3.6,0.5,0.4) = (0.000,0.285031,0.355872,0.359097)
(3.6,0.5,0.5) = (0.000,0.290719,0.494578,0.214703)
(3.6,0.5,0.6) = (0.000,0.192461,0.539681,0.267858)
(3.6,0.5,0.7) = (0.994,0.003267,0.000000,0.002247)
(3.6,0.5,0.8) = (1.000,0.000000,0.000000,0.000000)
(3.6,0.5,0.9) = (1.000,0.000000,0.000000,0.000000)
(3.6,0.5,1.0) = (1.000,0.000000,0.000000,0.000000)
(3.6,0.6,0.0) = (0.000,0.198164,0.380217,0.421619)
(3.6,0.6,0.1) = (0.000,0.333794,0.309431,0.356775)
(3.6,0.6,0.2) = (0.000,0.405689,0.344256,0.250056)
(3.6,0.6,0.3) = (0.000,0.394725,0.343983,0.261292)
(3.6,0.6,0.4) = (0.000,0.451775,0.339006,0.209219)
(3.6,0.6,0.5) = (0.000,0.341128,0.375111,0.283761)
(3.6,0.6,0.6) = (0.000,0.329458,0.432286,0.238256)
(3.6,0.6,0.7) = (0.000,0.239950,0.525061,0.234989)
(3.6,0.6,0.8) = (0.472,0.209647,0.152311,0.166411)
(3.6,0.6,0.9) = (1.000,0.000000,0.000000,0.000000)
(3.6,0.6,1.0) = (1.000,0.000000,0.000000,0.000000)
(3.6,0.7,0.0) = (0.000,0.330603,0.310269,0.359128)
(3.6,0.7,0.1) = (0.000,0.397219,0.275394,0.327386)
(3.6,0.7,0.2) = (0.000,0.341464,0.313597,0.344939)
(3.6,0.7,0.3) = (0.000,0.326558,0.400644,0.272797)
(3.6,0.7,0.4) = (0.000,0.538281,0.243283,0.218436)
(3.6,0.7,0.5) = (0.000,0.430578,0.347314,0.222108)
(3.6,0.7,0.6) = (0.000,0.420700,0.368500,0.210800)
(3.6,0.7,0.7) = (0.000,0.286456,0.454058,0.259486)
(3.6,0.7,0.8) = (0.000,0.235311,0.539247,0.225442)
(3.6,0.7,0.9) = (0.042,0.206475,0.542939,0.208153)
(3.6,0.7,1.0) = (0.991,0.005789,0.000000,0.003472)
(3.6,0.8,0.0) = (0.000,0.352442,0.308736,0.338822)
(3.6,0.8,0.1) = (0.000,0.341494,0.422331,0.236175)
(3.6,0.8,0.2) = (0.000,0.341678,0.440728,0.217594)
(3.6,0.8,0.3) = (0.000,0.471197,0.280717,0.248086)
(3.6,0.8,0.4) = (0.000,0.384311,0.380425,0.235264)
(3.6,0.8,0.5) = (0.000,0.387383,0.323761,0.288856)
(3.6,0.8,0.6) = (0.000,0.396108,0.388008,0.215883)
(3.6,0.8,0.7) = (0.000,0.359094,0.355386,0.285519)
(3.6,0.8,0.8) = (0.000,0.308211,0.417456,0.274333)
(3.6,0.8,0.9) = (0.000,0.235350,0.585842,0.178808)
(3.6,0.8,1.0) = (0.006,0.217186,0.650883,0.126106)
(3.6,0.9,0.0) = (0.000,0.309292,0.353058,0.337650)
(3.6,0.9,0.1) = (0.000,0.358997,0.312403,0.328600)
(3.6,0.9,0.2) = (0.000,0.478056,0.271922,0.250022)
(3.6,0.9,0.3) = (0.000,0.455661,0.332972,0.211367)
(3.6,0.9,0.4) = (0.000,0.455478,0.363533,0.180989)
(3.6,0.9,0.5) = (0.000,0.438044,0.325597,0.236358)
(3.6,0.9,0.6) = (0.000,0.456611,0.299456,0.243933)
(3.6,0.9,0.7) = (0.000,0.453733,0.335281,0.210986)
(3.6,0.9,0.8) = (0.000,0.351886,0.396878,0.251236)
(3.6,0.9,0.9) = (0.000,0.260511,0.503942,0.235547)
(3.6,0.9,1.0) = (0.000,0.241067,0.580856,0.178078)
(3.6,1.0,0.0) = (0.000,0.399469,0.272269,0.328261)
(3.6,1.0,0.1) = (0.000,0.369283,0.382328,0.248389)
(3.6,1.0,0.2) = (0.000,0.424686,0.333844,0.241469)
(3.6,1.0,0.3) = (0.000,0.395847,0.387664,0.216489)
(3.6,1.0,0.4) = (0.000,0.440175,0.372836,0.186989)
(3.6,1.0,0.5) = (0.000,0.438369,0.420097,0.141533)
(3.6,1.0,0.6) = (0.000,0.520467,0.263250,0.216283)
(3.6,1.0,0.7) = (0.000,0.473469,0.331414,0.195117)
(3.6,1.0,0.8) = (0.000,0.316022,0.377317,0.306661)
(3.6,1.0,0.9) = (0.000,0.341908,0.373447,0.284644)
(3.6,1.0,1.0) = (0.000,0.251144,0.433278,0.315578)
(3.7,0.0,0.0) = (1.000,0.000000,0.000000,0.000000)
(3.7,0.0,0.1) = (1.000,0.000000,0.000000,0.000000)
(3.7,0.0,0.2) = (1.000,0.000000,0.000000,0.000000)
(3.7,0.0,0.3) = (1.000,0.000000,0.000000,0.000000)
(3.7,0.0,0.4) = (1.000,0.000000,0.000000,0.000000)
(3.7,0.0,0.5) = (1.000,0.000000,0.000000,0.000000)
(3.7,0.0,0.6) = (1.000,0.000000,0.000000,0.000000)
(3.7,0.0,0.7) = (1.000,0.000000,0.000000,0.000000)
(3.7,0.0,0.8) = (1.000,0.000000,0.000000,0.000000)
(3.7,0.0,0.9) = (1.000,0.000000,0.000000,0.000000)
(3.7,0.0,1.0) = (1.000,0.000000,0.000000,0.000000)
(3.7,0.1,0.0) = (0.000,0.079839,0.233281,0.686881)
(3.7,0.1,0.1) = (0.000,0.007839,0.474619,0.517542)
(3.7,0.1,0.2) = (1.000,0.000000,0.000000,0.000000)
(3.7,0.1,0.3) = (1.000,0.000000,0.000000,0.000000)
(3.7,0.1,0.4) = (1.000,0.000000,0.000000,0.000000)
(3.7,0.1,0.5) = (1.000,0.000000,0.000000,0.000000)
(3.7,0.1,0.6) = (1.000,0.000000,0.000000,0.000000)
(3.7,0.1,0.7) = (1.000,0.000000,0.000000,0.000000)
(3.7,0.1,0.8) = (1.000,0.000000,0.000000,0.000000)
(3.7,0.1,0.9) = (1.000,0.000000,0.000000,0.000000)
(3.7,0.1,1.0) = (1.000,0.000000,0.000000,0.000000)
(3.7,0.2,0.0) = (0.000,0.239097,0.366300,0.394603)
(3.7,0.2,0.1) = (0.000,0.181783,0.370475,0.447742)
(3.7,0.2,0.2) = (0.000,0.095400,0.446008,0.458592)
(3.7,0.2,0.3) = (1.000,0.000000,0.000000,0.000000)
(3.7,0.2,0.4) = (1.000,0.000000,0.000000,0.000000)
(3.7,0.2,0.5) = (1.000,0.000000,0.000000,0.000000)
(3.7,0.2,0.6) = (1.000,0.000000,0.000000,0.000000)
(3.7,0.2,0.7) = (1.000,0.000000,0.000000,0.000000)
(3.7,0.2,0.8) = (1.000,0.000000,0.000000,0.000000)
(3.7,0.2,0.9) = (1.000,0.000000,0.000000,0.000000)
(3.7,0.2,1.0) = (1.000,0.000000,0.000000,0.000000)
(3.7,0.3,0.0) = (0.000,0.261783,0.373286,0.364931)
(3.7,0.3,0.1) = (0.000,0.324542,0.392331,0.283128)
(3.7,0.3,0.2) = (0.000,0.320775,0.357019,0.322206)
(3.7,0.3,0.3) = (0.000,0.206344,0.454800,0.338856)
(3.7,0.3,0.4) = (0.000,0.143153,0.476750,0.380097)
(3.7,0.3,0.5) = (1.000,0.000000,0.000000,0.000000)
(3.7,0.3,0.6) = (1.000,0.000000,0.000000,0.000000)
(3.7,0.3,0.7) = (1.000,0.000000,0.000000,0.000000)
(3.7,0.3,0.8) = (1.000,0.000000,0.000000,0.000000)
(3.7,0.3,0.9) = (1.000,0.000000,0.000000,0.000000)
(3.7,0.3,1.0) = (1.000,0.000000,0.000000,0.000000)
(3.7,0.4,0.0) = (0.000,0.316053,0.313053,0.370894)
(3.7,0.4,0.1) = (0.000,0.355600,0.308078,0.336322)
(3.7,0.4,0.2) = (0.000,0.352186,0.324792,0.323022)
(3.7,0.4,0.3) = (0.000,0.379683,0.353814,0.266503)
(3.7,0.4,0.4) = (0.000,0.322119,0.414478,0.263403)
(3.7,0.4,0.5) = (0.000,0.198283,0.396647,0.405069)
(3.7,0.4,0.6) = (1.000,0.000431,0.000000,0.000000)
(3.7,0.4,0.7) = (1.000,0.000000,0.000000,0.000000)
(3.7,0.4,0.8) = (1.000,0.000000,0.000000,0.000000)
(3.7,0.4,0.9) = (1.000,0.000000,0.000000,0.000000)
(3.7,0.4,1.0) = (1.000,0.000000,0.000000,0.000000)
(3.7,0.5,0.0) = (0.000,0.423219,0.341864,0.234917)
(3.7,0.5,0.1) = (0.000,0.392928,0.239292,0.367781)
(3.7,0.5,0.2) = (0.000,0.339578,0.305481,0.354942)
(3.7,0.5,0.3) = (0.000,0.320875,0.395758,0.283367)
(3.7,0.5,0.4) = (0.000,0.367019,0.406700,0.226281)
(3.7,0.5,0.5) = (0.000,0.326386,0.394228,0.279386)
(3.7,0.5,0.6) = (0.000,0.268153,0.445767,0.286081)
(3.7,0.5,0.7) = (0.379,0.252386,0.067694,0.300892)
(3.7,0.5,0.8) = (1.000,0.000000,0.000000,0.000000)
(3.7,0.5,0.9) = (1.000,0.000000,0.000000,0.000000)
(3.7,0.5,1.0) = (1.000,0.000000,0.000000,0.000000)
(3.7,0.6,0.0) = (0.000,0.345153,0.311931,0.342917)
(3.7,0.6,0.1) = (0.000,0.333642,0.412619,0.253739)
(3.7,0.6,0.2) = (0.000,0.376719,0.386386,0.236894)
(3.7,0.6,0.3) = (0.000,0.442861,0.329903,0.227236)
(3.7,0.6,0.4) = (0.000,0.398522,0.363431,0.238047)
(3.7,0.6,0.5) = (0.000,0.487292,0.302533,0.210175)
(3.7,0.6,0.6) = (0.000,0.382850,0.436364,0.180786)
(3.7,0.6,0.7) = (0.000,0.249528,0.506919,0.243553)
(3.7,0.6,0.8) = (0.012,0.215914,0.408497,0.364064)
(3.7,0.6,0.9) = (0.994,0.004625,0.000000,0.001494)
(3.7,0.6,1.0) = (1.000,0.000000,0.000000,0.000000)
(3.7,0.7,0.0) = (0.000,0.302111,0.313997,0.383892)
(3.7,0.7,0.1) = (0.000,0.376022,0.353742,0.270236)
(3.7,0.7,0.2) = (0.000,0.354644,0.375883,0.269472)
(3.7,0.7,0.3) = (0.000,0.556764,0.258936,0.184300)
(3.7,0.7,0.4) = (0.000,0.500142,0.267903,0.231956)
(3.7,0.7,0.5) = (0.000,0.392233,0.351206,0.256561)
(3.7,0.7,0.6) = (0.000,0.342050,0.417733,0.240217)
(3.7,0.7,0.7) = (0.000,0.395581,0.347125,0.257294)
(3.7,0.7,0.8) = (0.000,0.313872,0.437531,0.248597)
(3.7,0.7,0.9) = (0.000,0.174767,0.573708,0.251383)
(3.7,0.7,1.0) = (0.977,0.017244,0.001400,0.004381)
(3.7,0.8,0.0) = (0.000,0.304342,0.334236,0.361422)
(3.7,0.8,0.1) = (0.000,0.342461,0.361050,0.296489)
(3.7,0.8,0.2) = (0.000,0.441986,0.368514,0.189500)
(3.7,0.8,0.3) = (0.000,0.454878,0.310678,0.234444)
(3.7,0.8,0.4) = (0.000,0.458831,0.305489,0.235681)
(3.7,0.8,0.5) = (0.000,0.486108,0.273389,0.240503)
(3.7,0.8,0.6) = (0.000,0.474983,0.378181,0.146836)
(3.7,0.8,0.7) = (0.000,0.311069,0.411550,0.277381)
(3.7,0.8,0.8) = (0.000,0.341581,0.431439,0.226981)
(3.7,0.8,0.9) = (0.000,0.277619,0.447978,0.274403)
(3.7,0.8,1.0) = (0.001,0.242969,0.531469,0.224378)
(3.7,0.9,0.0) = (0.000,0.329317,0.356961,0.313722)
(3.7,0.9,0.1) = (0.000,0.354131,0.303067,0.342803)
(3.7,0.9,0.2) = (0.000,0.410917,0.360303,0.228781)
(3.7,0.9,0.3) = (0.000,0.559203,0.220417,0.220381)
(3.7,0.9,0.4) = (0.000,0.416025,0.346967,0.237008)
(3.7,0.9,0.5) = (0.000,0.500047,0.272436,0.227517)
(3.7,0.9,0.6) = (0.000,0.501556,0.326553,0.171892)
(3.7,0.9,0.7) = (0.000,0.474461,0.334303,0.191236)
(3.7,0.9,0.8) = (0.000,0.335422,0.445783,0.218794)
(3.7,0.9,0.9) = (0.000,0.324275,0.399619,0.276106)
(3.7,0.9,1.0) = (0.000,0.317600,0.460744,0.221656)
(3.7,1.0,0.0) = (0.000,0.310703,0.364900,0.324397)
(3.7,1.0,0.1) = (0.000,0.412458,0.277153,0.310389)
(3.7,1.0,0.2) = (0.000,0.537219,0.228611,0.234169)
(3.7,1.0,0.3) = (0.000,0.404244,0.305733,0.290022)
(3.7,1.0,0.4) = (0.000,0.430358,0.345842,0.223800)
(3.7,1.0,0.5) = (0.000,0.457600,0.291128,0.251272)
(3.7,1.0,0.6) = (0.000,0.468844,0.393125,0.138031)
(3.7,1.0,0.7) = (0.000,0.416331,0.377161,0.206508)
(3.7,1.0,0.8) = (0.000,0.417761,0.363122,0.219117)
(3.7,1.0,0.9) = (0.000,0.411319,0.372097,0.216583)
(3.7,1.0,1.0) = (0.000,0.318756,0.496514,0.184731)
(3.8,0.0,0.0) = (0.705,0.093656,0.102647,0.099186)
(3.8,0.0,0.1) = (0.701,0.299092,0.000000,0.000000)
(3.8,0.0,0.2) = (0.703,0.296986,0.000000,0.000000)
(3.8,0.0,0.3) = (0.705,0.294744,0.000000,0.000000)
(3.8,0.0,0.4) = (0.702,0.298367,0.000000,0.000000)
(3.8,0.0,0.5) = (0.705,0.295156,0.000000,0.000000)
(3.8,0.0,0.6) = (0.699,0.301156,0.000000,0.000000)
(3.8,0.0,0.7) = (0.699,0.300567,0.000000,0.000000)
(3.8,0.0,0.8) = (0.696,0.303681,0.000000,0.000000)
(3.8,0.0,0.9) = (0.704,0.296108,0.000000,0.000000)
(3.8,0.0,1.0) = (0.705,0.295389,0.000000,0.000000)
(3.8,0.1,0.0) = (0.000,0.040517,0.375644,0.583839)
(3.8,0.1,0.1) = (0.000,0.019694,0.494983,0.485322)
(3.8,0.1,0.2) = (0.701,0.298561,0.000000,0.000000)
(3.8,0.1,0.3) = (0.701,0.298794,0.000000,0.000000)
(3.8,0.1,0.4) = (0.696,0.304150,0.000000,0.000000)
(3.8,0.1,0.5) = (0.698,0.302292,0.000000,0.000000)
(3.8,0.1,0.6) = (0.702,0.298331,0.000000,0.000000)
(3.8,0.1,0.7) = (0.704,0.296464,0.000000,0.000000)
(3.8,0.1,0.8) = (0.710,0.290244,0.000000,0.000000)
(3.8,0.1,0.9) = (0.709,0.291250,0.000000,0.000000)
(3.8,0.1,1.0) = (0.707,0.293419,0.000000,0.000000)
(3.8,0.2,0.0) = (0.000,0.243106,0.275986,0.480908)
(3.8,0.2,0.1) = (0.000,0.251986,0.446292,0.301722)
(3.8,0.2,0.2) = (0.000,0.156658,0.449994,0.393347)
(3.8,0.2,0.3) = (0.522,0.230486,0.247819,0.000000)
(3.8,0.2,0.4) = (0.706,0.293858,0.000000,0.000000)
(3.8,0.2,0.5) = (0.705,0.294978,0.000000,0.000000)
(3.8,0.2,0.6) = (0.704,0.296372,0.000000,0.000000)
(3.8,0.2,0.7) = (0.704,0.295844,0.000000,0.000000)
(3.8,0.2,0.8) = (0.703,0.297289,0.000000,0.000000)
(3.8,0.2,0.9) = (0.704,0.296431,0.000000,0.000000)
(3.8,0.2,1.0) = (0.703,0.296772,0.000000,0.000000)
(3.8,0.3,0.0) = (0.000,0.239436,0.368906,0.391658)
(3.8,0.3,0.1) = (0.000,0.253183,0.452567,0.294250)
(3.8,0.3,0.2) = (0.000,0.298642,0.465328,0.236031)
(3.8,0.3,0.3) = (0.000,0.246264,0.478958,0.274778)
(3.8,0.3,0.4) = (0.000,0.187206,0.467014,0.345781)
(3.8,0.3,0.5) = (0.705,0.295494,0.000000,0.000000)
(3.8,0.3,0.6) = (0.707,0.292597,0.000000,0.000000)
(3.8,0.3,0.7) = (0.707,0.292958,0.000000,0.000000)
(3.8,0.3,0.8) = (0.703,0.296722,0.000000,0.000000)
(3.8,0.3,0.9) = (0.701,0.298719,0.000000,0.000000)
(3.8,0.3,1.0) = (0.701,0.299403,0.000000,0.000000)
(3.8,0.4,0.0) = (0.000,0.321661,0.330272,0.348067)
(3.8,0.4,0.1) = (0.000,0.349342,0.329728,0.320931)
(3.8,0.4,0.2) = (0.000,0.343028,0.363353,0.293619)
(3.8,0.4,0.3) = (0.000,0.362069,0.347900,0.290031)
(3.8,0.4,0.4) = (0.000,0.378656,0.296003,0.325342)
(3.8,0.4,0.5) = (0.000,0.220542,0.486578,0.292881)
(3.8,0.4,0.6) = (0.681,0.300233,0.000000,0.018544)
(3.8,0.4,0.7) = (0.699,0.301417,0.000000,0.000000)
(3.8,0.4,0.8) = (0.704,0.296419,0.000000,0.000000)
(3.8,0.4,0.9) = (0.707,0.293039,0.000000,0.000000)
(3.8,0.4,1.0) = (0.705,0.295375,0.000000,0.000000)
(3.8,0.5,0.0) = (0.000,0.342942,0.330014,0.327044)
(3.8,0.5,0.1) = (0.000,0.325722,0.381025,0.293253)
(3.8,0.5,0.2) = (0.000,0.406356,0.355319,0.238325)
(3.8,0.5,0.3) = (0.000,0.431428,0.325933,0.242639)
(3.8,0.5,0.4) = (0.000,0.326383,0.429892,0.243725)
(3.8,0.5,0.5) = (0.000,0.285194,0.461519,0.253286)
(3.8,0.5,0.6) = (0.000,0.265386,0.460342,0.274272)
(3.8,0.5,0.7) = (0.014,0.206181,0.348375,0.431419)
(3.8,0.5,0.8) = (0.702,0.297628,0.000000,0.000000)
(3.8,0.5,0.9) = (0.704,0.296142,0.000000,0.000000)
(3.8,0.5,1.0) = (0.700,0.300144,0.000000,0.000000)
(3.8,0.6,0.0) = (0.000,0.341033,0.349989,0.308978)
(3.8,0.6,0.1) = (0.000,0.382792,0.329111,0.288097)
(3.8,0.6,0.2) = (0.000,0.394244,0.313542,0.292214)
(3.8,0.6,0.3) = (0.000,0.382631,0.367128,0.250242)
(3.8,0.6,0.4) = (0.000,0.396428,0.331183,0.272389)
(3.8,0.6,0.5) = (0.000,0.409547,0.329581,0.260872)
(3.8,0.6,0.6) = (0.000,0.365792,0.403603,0.230606)
(3.8,0.6,0.7) = (0.000,0.302989,0.460861,0.236150)
(3.8,0.6,0.8) = (0.000,0.232614,0.523436,0.243547)
(3.8,0.6,0.9) = (0.684,0.305206,0.000000,0.010939)
(3.8,0.6,1.0) = (0.704,0.295594,0.000000,0.000000)
(3.8,0.7,0.0) = (0.000,0.285481,0.342992,0.371528)
(3.8,0.7,0.1) = (0.000,0.328103,0.418275,0.253622)
(3.8,0.7,0.2) = (0.000,0.375433,0.251408,0.373158)
(3.8,0.7,0.3) = (0.000,0.420381,0.353789,0.225831)
(3.8,0.7,0.4) = (0.000,0.463333,0.336167,0.200500)
(3.8,0.7,0.5) = (0.000,0.492200,0.276386,0.231414)
(3.8,0.7,0.6) = (0.000,0.397053,0.322269,0.280678)
(3.8,0.7,0.7) = (0.000,0.417756,0.397647,0.184597)
(3.8,0.7,0.8) = (0.000,0.312253,0.411292,0.276456)
(3.8,0.7,0.9) = (0.000,0.232728,0.468311,0.298672)
(3.8,0.7,1.0) = (0.288,0.365978,0.156542,0.189178)
(3.8,0.8,0.0) = (0.000,0.388914,0.226472,0.384614)
(3.8,0.8,0.1) = (0.000,0.417522,0.281058,0.301419)
(3.8,0.8,0.2) = (0.000,0.397519,0.293817,0.308664)
(3.8,0.8,0.3) = (0.000,0.413167,0.331114,0.255719)
(3.8,0.8,0.4) = (0.000,0.439656,0.341114,0.219231)
(3.8,0.8,0.5) = (0.000,0.423100,0.317953,0.258947)
(3.8,0.8,0.6) = (0.000,0.526953,0.295028,0.178019)
(3.8,0.8,0.7) = (0.000,0.377572,0.373289,0.249139)
(3.8,0.8,0.8) = (0.000,0.340942,0.356119,0.302939)
(3.8,0.8,0.9) = (0.000,0.317122,0.474889,0.207989)
(3.8,0.8,1.0) = (0.000,0.159600,0.557258,0.283142)
(3.8,0.9,0.0) = (0.000,0.331311,0.341256,0.327433)
(3.8,0.9,0.1) = (0.000,0.345336,0.364822,0.289842)
(3.8,0.9,0.2) = (0.000,0.413739,0.336892,0.249369)
(3.8,0.9,0.3) = (0.000,0.407586,0.301619,0.290794)
(3.8,0.9,0.4) = (0.000,0.408267,0.308683,0.283050)
(3.8,0.9,0.5) = (0.000,0.494808,0.264033,0.241158)
(3.8,0.9,0.6) = (0.000,0.502581,0.310028,0.187392)
(3.8,0.9,0.7) = (0.000,0.505542,0.214094,0.280364)
(3.8,0.9,0.8) = (0.000,0.372789,0.370419,0.256792)
(3.8,0.9,0.9) = (0.000,0.374714,0.402431,0.222856)
(3.8,0.9,1.0) = (0.000,0.230336,0.455664,0.314000)
(3.8,1.0,0.0) = (0.000,0.348522,0.306108,0.345369)
(3.8,1.0,0.1) = (0.000,0.354406,0.365775,0.279819)
(3.8,1.0,0.2) = (0.000,0.429072,0.328167,0.242761)
(3.8,1.0,0.3) = (0.000,0.443317,0.325039,0.231644)
(3.8,1.0,0.4) = (0.000,0.456050,0.317294,0.226656)
(3.8,1.0,0.5) = (0.000,0.529353,0.246947,0.223700)
(3.8,1.0,0.6) = (0.000,0.533169,0.269794,0.197036)
(3.8,1.0,0.7) = (0.000,0.529728,0.298919,0.171353)
(3.8,1.0,0.8) = (0.000,0.420253,0.347669,0.232078)
(3.8,1.0,0.9) = (0.000,0.461103,0.334822,0.204075)
(3.8,1.0,1.0) = (0.000,0.375956,0.441472,0.182572)
(3.9,0.0,0.0) = (0.567,0.122886,0.135664,0.174600)
(3.9,0.0,0.1) = (0.562,0.437994,0.000000,0.000000)
(3.9,0.0,0.2) = (0.566,0.433986,0.000000,0.000000)
(3.9,0.0,0.3) = (0.566,0.433947,0.000000,0.000000)
(3.9,0.0,0.4) = (0.564,0.435878,0.000000,0.000000)
(3.9,0.0,0.5) = (0.564,0.436019,0.000000,0.000000)
(3.9,0.0,0.6) = (0.561,0.439464,0.000000,0.000000)
(3.9,0.0,0.7) = (0.563,0.436769,0.000000,0.000000)
(3.9,0.0,0.8) = (0.562,0.438483,0.000000,0.000000)
(3.9,0.0,0.9) = (0.558,0.441994,0.000000,0.000000)
(3.9,0.0,1.0) = (0.562,0.437514,0.000000,0.000000)
(3.9,0.1,0.0) = (0.000,0.058842,0.312575,0.628583)
(3.9,0.1,0.1) = (0.000,0.028647,0.508153,0.463200)
(3.9,0.1,0.2) = (0.560,0.440050,0.000000,0.000000)
(3.9,0.1,0.3) = (0.564,0.435892,0.000000,0.000000)
(3.9,0.1,0.4) = (0.563,0.437069,0.000000,0.000000)
(3.9,0.1,0.5) = (0.564,0.436214,0.000000,0.000000)
(3.9,0.1,0.6) = (0.564,0.435694,0.000000,0.000000)
(3.9,0.1,0.7) = (0.563,0.436783,0.000000,0.000000)
(3.9,0.1,0.8) = (0.563,0.436561,0.000000,0.000000)
(3.9,0.1,0.9) = (0.563,0.436961,0.000000,0.000000)
(3.9,0.1,1.0) = (0.566,0.434064,0.000000,0.000000)
(3.9,0.2,0.0) = (0.000,0.209389,0.392281,0.398331)
(3.9,0.2,0.1) = (0.000,0.225064,0.375592,0.399344)
(3.9,0.2,0.2) = (0.000,0.209144,0.454350,0.336506)
(3.9,0.2,0.3) = (0.170,0.204606,0.603228,0.021719)
(3.9,0.2,0.4) = (0.562,0.437786,0.000000,0.000000)
(3.9,0.2,0.5) = (0.564,0.436167,0.000000,0.000000)
(3.9,0.2,0.6) = (0.564,0.436167,0.000000,0.000000)
(3.9,0.2,0.7) = (0.565,0.435361,0.000000,0.000000)
(3.9,0.2,0.8) = (0.566,0.434125,0.000000,0.000000)
(3.9,0.2,0.9) = (0.561,0.439172,0.000000,0.000000)
(3.9,0.2,1.0) = (0.566,0.434394,0.000000,0.000000)
(3.9,0.3,0.0) = (0.000,0.251531,0.335161,0.413308)
(3.9,0.3,0.1) = (0.000,0.356983,0.372767,0.270250)
(3.9,0.3,0.2) = (0.000,0.301436,0.401217,0.297347)
(3.9,0.3,0.3) = (0.000,0.270367,0.475883,0.253750)
(3.9,0.3,0.4) = (0.000,0.204936,0.516486,0.278578)
(3.9,0.3,0.5) = (0.564,0.436025,0.000000,0.000000)
(3.9,0.3,0.6) = (0.565,0.435469,0.000000,0.000000)
(3.9,0.3,0.7) = (0.565,0.435328,0.000000,0.000000)
(3.9,0.3,0.8) = (0.562,0.438089,0.000000,0.000000)
(3.9,0.3,0.9) = (0.563,0.436533,0.000000,0.000000)
(3.9,0.3,1.0) = (0.566,0.434336,0.000000,0.000000)
(3.9,0.4,0.0) = (0.000,0.319544,0.335683,0.344772)
(3.9,0.4,0.1) = (0.000,0.317744,0.438328,0.243928)
(3.9,0.4,0.2) = (0.000,0.363992,0.371506,0.264503)
(3.9,0.4,0.3) = (0.000,0.397492,0.348786,0.253722)
(3.9,0.4,0.4) = (0.000,0.392350,0.311892,0.295758)
(3.9,0.4,0.5) = (0.000,0.297603,0.470711,0.231686)
(3.9,0.4,0.6) = (0.196,0.376253,0.043258,0.384364)
(3.9,0.4,0.7) = (0.563,0.436756,0.000000,0.000000)
(3.9,0.4,0.8) = (0.569,0.431333,0.000000,0.000000)
(3.9,0.4,0.9) = (0.565,0.434839,0.000000,0.000000)
(3.9,0.4,1.0) = (0.564,0.436319,0.000000,0.000000)
(3.9,0.5,0.0) = (0.000,0.317528,0.377908,0.304564)
(3.9,0.5,0.1) = (0.000,0.413483,0.323061,0.263456)
(3.9,0.5,0.2) = (0.000,0.357847,0.358036,0.284117)
(3.9,0.5,0.3) = (0.000,0.395614,0.300050,0.304336)
(3.9,0.5,0.4) = (0.000,0.472167,0.251775,0.276058)
(3.9,0.5,0.5) = (0.000,0.388997,0.353647,0.257356)
(3.9,0.5,0.6) = (0.000,0.301172,0.417736,0.281092)
(3.9,0.5,0.7) = (0.000,0.198142,0.435011,0.366686)
(3.9,0.5,0.8) = (0.559,0.438717,0.000000,0.002747)
(3.9,0.5,0.9) = (0.562,0.437592,0.000000,0.000000)
(3.9,0.5,1.0) = (0.566,0.434428,0.000000,0.000000)
(3.9,0.6,0.0) = (0.000,0.258825,0.358983,0.382192)
(3.9,0.6,0.1) = (0.000,0.342931,0.360653,0.296417)
(3.9,0.6,0.2) = (0.000,0.438386,0.337114,0.224500)
(3.9,0.6,0.3) = (0.000,0.432047,0.329483,0.238469)
(3.9,0.6,0.4) = (0.000,0.512125,0.312769,0.175106)
(3.9,0.6,0.5) = (0.000,0.435258,0.304247,0.260494)
(3.9,0.6,0.6) = (0.000,0.405283,0.372061,0.222656)
(3.9,0.6,0.7) = (0.000,0.323947,0.367814,0.308239)
(3.9,0.6,0.8) = (0.001,0.250728,0.460694,0.287453)
(3.9,0.6,0.9) = (0.316,0.430997,0.014258,0.238614)
(3.9,0.6,1.0) = (0.563,0.436194,0.000000,0.000389)
(3.9,0.7,0.0) = (0.000,0.242494,0.343536,0.413969)
(3.9,0.7,0.1) = (0.000,0.332447,0.409461,0.258092)
(3.9,0.7,0.2) = (0.000,0.420306,0.374394,0.205300)
(3.9,0.7,0.3) = (0.000,0.434558,0.370464,0.194978)
(3.9,0.7,0.4) = (0.000,0.491550,0.234767,0.273683)
(3.9,0.7,0.5) = (0.000,0.478917,0.309936,0.211147)
(3.9,0.7,0.6) = (0.000,0.470258,0.272478,0.257264)
(3.9,0.7,0.7) = (0.000,0.442436,0.375356,0.182208)
(3.9,0.7,0.8) = (0.000,0.303606,0.386169,0.310225)
(3.9,0.7,0.9) = (0.000,0.342575,0.419436,0.237989)
(3.9,0.7,1.0) = (0.023,0.277172,0.353300,0.346156)
(3.9,0.8,0.0) = (0.000,0.348347,0.392503,0.259150)
(3.9,0.8,0.1) = (0.000,0.430092,0.282006,0.287903)
(3.9,0.8,0.2) = (0.000,0.384761,0.322183,0.293056)
(3.9,0.8,0.3) = (0.000,0.398803,0.333033,0.268164)
(3.9,0.8,0.4) = (0.000,0.442831,0.340411,0.216758)
(3.9,0.8,0.5) = (0.000,0.484447,0.367614,0.147939)
(3.9,0.8,0.6) = (0.000,0.461778,0.315492,0.222731)
(3.9,0.8,0.7) = (0.000,0.484131,0.350861,0.165008)
(3.9,0.8,0.8) = (0.000,0.444056,0.371269,0.184675)
(3.9,0.8,0.9) = (0.000,0.288394,0.480831,0.230775)
(3.9,0.8,1.0) = (0.000,0.191006,0.589386,0.219608)
(3.9,0.9,0.0) = (0.000,0.372300,0.314136,0.313564)
(3.9,0.9,0.1) = (0.000,0.414225,0.325414,0.260361)
(3.9,0.9,0.2) = (0.000,0.367211,0.311033,0.321756)
(3.9,0.9,0.3) = (0.000,0.479553,0.316197,0.204250)
(3.9,0.9,0.4) = (0.000,0.389636,0.365925,0.244439)
(3.9,0.9,0.5) = (0.000,0.402553,0.364697,0.232750)
(3.9,0.9,0.6) = (0.000,0.515572,0.287708,0.196719)
(3.9,0.9,0.7) = (0.000,0.465764,0.356047,0.178189)
(3.9,0.9,0.8) = (0.000,0.434414,0.371250,0.194336)
(3.9,0.9,0.9) = (0.000,0.415775,0.379969,0.204256)
(3.9,0.9,1.0) = (0.000,0.365869,0.363161,0.270969)
(3.9,1.0,0.0) = (0.000,0.306489,0.387958,0.305553)
(3.9,1.0,0.1) = (0.000,0.425672,0.287433,0.286894)
(3.9,1.0,0.2) = (0.000,0.478614,0.322544,0.198842)
(3.9,1.0,0.3) = (0.000,0.415875,0.333386,0.250739)
(3.9,1.0,0.4) = (0.000,0.445597,0.301358,0.253044)
(3.9,1.0,0.5) = (0.000,0.445753,0.314439,0.239808)
(3.9,1.0,0.6) = (0.000,0.416411,0.351564,0.232025)
(3.9,1.0,0.7) = (0.000,0.537094,0.284497,0.178408)
(3.9,1.0,0.8) = (0.000,0.440394,0.321889,0.237717)
(3.9,1.0,0.9) = (0.000,0.485183,0.270419,0.244397)
(3.9,1.0,1.0) = (0.000,0.350092,0.373239,0.276669)
(4.0,0.0,0.0) = (0.489,0.182856,0.177558,0.150217)
(4.0,0.0,0.1) = (0.486,0.514075,0.000000,0.000000)
(4.0,0.0,0.2) = (0.487,0.512900,0.000000,0.000000)
(4.0,0.0,0.3) = (0.487,0.513031,0.000000,0.000000)
(4.0,0.0,0.4) = (0.488,0.512261,0.000000,0.000000)
(4.0,0.0,0.5) = (0.488,0.512481,0.000000,0.000000)
(4.0,0.0,0.6) = (0.488,0.512042,0.000000,0.000000)
(4.0,0.0,0.7) = (0.489,0.510583,0.000000,0.000000)
(4.0,0.0,0.8) = (0.486,0.514194,0.000000,0.000000)
(4.0,0.0,0.9) = (0.489,0.510989,0.000000,0.000000)
(4.0,0.0,1.0) = (0.490,0.510136,0.000000,0.000000)
(4.0,0.1,0.0) = (0.000,0.072775,0.304047,0.623178)
(4.0,0.1,0.1) = (0.000,0.052806,0.566750,0.380444)
(4.0,0.1,0.2) = (0.489,0.511131,0.000000,0.000000)
(4.0,0.1,0.3) = (0.490,0.510250,0.000000,0.000000)
(4.0,0.1,0.4) = (0.489,0.511456,0.000000,0.000000)
(4.0,0.1,0.5) = (0.489,0.511086,0.000000,0.000000)
(4.0,0.1,0.6) = (0.487,0.513472,0.000000,0.000000)
(4.0,0.1,0.7) = (0.489,0.510928,0.000000,0.000000)
(4.0,0.1,0.8) = (0.488,0.512397,0.000000,0.000000)
(4.0,0.1,0.9) = (0.488,0.512164,0.000000,0.000000)
(4.0,0.1,1.0) = (0.487,0.512725,0.000000,0.000000)
(4.0,0.2,0.0) = (0.000,0.217878,0.371264,0.410858)
(4.0,0.2,0.1) = (0.000,0.181125,0.417853,0.401022)
(4.0,0.2,0.2) = (0.000,0.246772,0.396564,0.356664)
(4.0,0.2,0.3) = (0.000,0.112878,0.698428,0.188694)
(4.0,0.2,0.4) = (0.486,0.513861,0.000000,0.000000)
(4.0,0.2,0.5) = (0.486,0.514328,0.000000,0.000000)
(4.0,0.2,0.6) = (0.486,0.514306,0.000000,0.000000)
(4.0,0.2,0.7) = (0.491,0.509194,0.000000,0.000000)
(4.0,0.2,0.8) = (0.487,0.513158,0.000000,0.000000)
(4.0,0.2,0.9) = (0.488,0.511767,0.000000,0.000000)
(4.0,0.2,1.0) = (0.488,0.511839,0.000000,0.000000)
(4.0,0.3,0.0) = (0.000,0.332236,0.323311,0.344453)
(4.0,0.3,0.1) = (0.000,0.296158,0.345528,0.358314)
(4.0,0.3,0.2) = (0.000,0.387139,0.366914,0.245947)
(4.0,0.3,0.3) = (0.000,0.333806,0.345806,0.320389)
(4.0,0.3,0.4) = (0.000,0.276219,0.411931,0.311850)
(4.0,0.3,0.5) = (0.483,0.517342,0.000000,0.000000)
(4.0,0.3,0.6) = (0.489,0.511433,0.000000,0.000000)
(4.0,0.3,0.7) = (0.487,0.513019,0.000000,0.000000)
(4.0,0.3,0.8) = (0.487,0.512853,0.000000,0.000000)
(4.0,0.3,0.9) = (0.487,0.512711,0.000000,0.000000)
(4.0,0.3,1.0) = (0.486,0.514014,0.000000,0.000000)
(4.0,0.4,0.0) = (0.000,0.289875,0.350122,0.360003)
(4.0,0.4,0.1) = (0.000,0.389086,0.279217,0.331697)
(4.0,0.4,0.2) = (0.000,0.346353,0.437322,0.216325)
(4.0,0.4,0.3) = (0.000,0.372897,0.324064,0.303039)
(4.0,0.4,0.4) = (0.000,0.393789,0.400786,0.205425)
(4.0,0.4,0.5) = (0.000,0.345508,0.374483,0.280008)
(4.0,0.4,0.6) = (0.011,0.219878,0.329103,0.439875)
(4.0,0.4,0.7) = (0.488,0.512219,0.000000,0.000000)
(4.0,0.4,0.8) = (0.487,0.512722,0.000000,0.000000)
(4.0,0.4,0.9) = (0.489,0.511269,0.000000,0.000000)
(4.0,0.4,1.0) = (0.487,0.512764,0.000000,0.000000)
(4.0,0.5,0.0) = (0.000,0.333594,0.269144,0.397261)
(4.0,0.5,0.1) = (0.000,0.317069,0.420961,0.261969)
(4.0,0.5,0.2) = (0.000,0.320372,0.357753,0.321875)
(4.0,0.5,0.3) = (0.000,0.459206,0.293181,0.247614)
(4.0,0.5,0.4) = (0.000,0.403244,0.291603,0.305153)
(4.0,0.5,0.5) = (0.000,0.352811,0.400086,0.247103)
(4.0,0.5,0.6) = (0.000,0.362675,0.381964,0.255361)
(4.0,0.5,0.7) = (0.000,0.229353,0.459294,0.311353)
(4.0,0.5,0.8) = (0.417,0.509869,0.000278,0.072844)
(4.0,0.5,0.9) = (0.488,0.512300,0.000000,0.000000)
(4.0,0.5,1.0) = (0.487,0.513250,0.000000,0.000000)
(4.0,0.6,0.0) = (0.000,0.281364,0.357606,0.361031)
(4.0,0.6,0.1) = (0.000,0.383228,0.279508,0.337264)
(4.0,0.6,0.2) = (0.000,0.384636,0.301397,0.313967)
(4.0,0.6,0.3) = (0.000,0.405972,0.339372,0.254656)
(4.0,0.6,0.4) = (0.000,0.430453,0.267397,0.302150)
(4.0,0.6,0.5) = (0.000,0.469050,0.349089,0.181861)
(4.0,0.6,0.6) = (0.000,0.525831,0.310803,0.163367)
(4.0,0.6,0.7) = (0.000,0.377972,0.438428,0.183600)
(4.0,0.6,0.8) = (0.000,0.277036,0.482056,0.240808)
(4.0,0.6,0.9) = (0.029,0.331769,0.297075,0.341917)
(4.0,0.6,1.0) = (0.472,0.514419,0.000000,0.013442)
(4.0,0.7,0.0) = (0.000,0.291044,0.382372,0.326583)
(4.0,0.7,0.1) = (0.000,0.385483,0.296242,0.318275)
(4.0,0.7,0.2) = (0.000,0.415564,0.372256,0.212181)
(4.0,0.7,0.3) = (0.000,0.386297,0.341464,0.272239)
(4.0,0.7,0.4) = (0.000,0.523375,0.281058,0.195567)
(4.0,0.7,0.5) = (0.000,0.342175,0.422003,0.235822)
(4.0,0.7,0.6) = (0.000,0.577928,0.255219,0.166853)
(4.0,0.7,0.7) = (0.000,0.473211,0.301128,0.225661)
(4.0,0.7,0.8) = (0.000,0.366442,0.441864,0.191694)
(4.0,0.7,0.9) = (0.003,0.379689,0.358378,0.258464)
(4.0,0.7,1.0) = (0.001,0.261447,0.465078,0.272269)
(4.0,0.8,0.0) = (0.000,0.382650,0.341956,0.275394)
(4.0,0.8,0.1) = (0.000,0.417172,0.313989,0.268839)
(4.0,0.8,0.2) = (0.000,0.445194,0.270347,0.284458)
(4.0,0.8,0.3) = (0.000,0.426542,0.288881,0.284578)
(4.0,0.8,0.4) = (0.000,0.422242,0.353217,0.224542)
(4.0,0.8,0.5) = (0.000,0.421678,0.357481,0.220842)
(4.0,0.8,0.6) = (0.000,0.503828,0.306819,0.189353)
(4.0,0.8,0.7) = (0.000,0.497056,0.316822,0.186122)
(4.0,0.8,0.8) = (0.000,0.401761,0.374128,0.224111)
(4.0,0.8,0.9) = (0.000,0.383267,0.409239,0.207494)
(4.0,0.8,1.0) = (0.000,0.330347,0.443514,0.226139)
(4.0,0.9,0.0) = (0.000,0.324778,0.285603,0.389619)
(4.0,0.9,0.1) = (0.000,0.387481,0.274133,0.338386)
(4.0,0.9,0.2) = (0.000,0.512097,0.249775,0.238128)
(4.0,0.9,0.3) = (0.000,0.464306,0.329828,0.205867)
(4.0,0.9,0.4) = (0.000,0.522372,0.256942,0.220686)
(4.0,0.9,0.5) = (0.000,0.467533,0.265644,0.266822)
(4.0,0.9,0.6) = (0.000,0.417906,0.318111,0.263983)
(4.0,0.9,0.7) = (0.000,0.434172,0.393669,0.172158)
(4.0,0.9,0.8) = (0.000,0.477272,0.359689,0.163039)
(4.0,0.9,0.9) = (0.000,0.453075,0.298881,0.248044)
(4.0,0.9,1.0) = (0.000,0.352722,0.437817,0.209461)
(4.0,1.0,0.0) = (0.000,0.307592,0.378553,0.313856)
(4.0,1.0,0.1) = (0.000,0.393053,0.297072,0.309875)
(4.0,1.0,0.2) = (0.000,0.439161,0.315525,0.245314)
(4.0,1.0,0.3) = (0.000,0.384281,0.306153,0.309567)
(4.0,1.0,0.4) = (0.000,0.369986,0.404567,0.225447)
(4.0,1.0,0.5) = (0.000,0.493956,0.300158,0.205886)
(4.0,1.0,0.6) = (0.000,0.558958,0.238292,0.202750)
(4.0,1.0,0.7) = (0.000,0.486617,0.317514,0.195869)
(4.0,1.0,0.8) = (0.000,0.497731,0.337367,0.164903)
(4.0,1.0,0.9) = (0.000,0.462942,0.338064,0.198994)
(4.0,1.0,1.0) = (0.000,0.453378,0.336808,0.209814)
(4.5,0.0,0.0) = (0.250,0.231931,0.194733,0.323000)
(4.5,0.0,0.1) = (0.251,0.748878,0.000000,0.000000)
(4.5,0.0,0.2) = (0.251,0.748808,0.000000,0.000000)
(4.5,0.0,0.3) = (0.250,0.749539,0.000000,0.000000)
(4.5,0.0,0.4) = (0.251,0.749064,0.000000,0.000000)
(4.5,0.0,0.5) = (0.251,0.749211,0.000000,0.000000)
(4.5,0.0,0.6) = (0.250,0.749800,0.000000,0.000000)
(4.5,0.0,0.7) = (0.250,0.749564,0.000000,0.000000)
(4.5,0.0,0.8) = (0.250,0.750222,0.000000,0.000000)
(4.5,0.0,0.9) = (0.250,0.749647,0.000000,0.000000)
(4.5,0.0,1.0) = (0.249,0.750861,0.000000,0.000000)
(4.5,0.1,0.0) = (0.000,0.124864,0.351833,0.523303)
(4.5,0.1,0.1) = (0.000,0.222433,0.361086,0.416481)
(4.5,0.1,0.2) = (0.247,0.743542,0.009861,0.000000)
(4.5,0.1,0.3) = (0.250,0.750353,0.000000,0.000000)
(4.5,0.1,0.4) = (0.251,0.748511,0.000000,0.000000)
(4.5,0.1,0.5) = (0.251,0.749392,0.000000,0.000000)
(4.5,0.1,0.6) = (0.249,0.751008,0.000000,0.000000)
(4.5,0.1,0.7) = (0.250,0.749933,0.000000,0.000000)
(4.5,0.1,0.8) = (0.251,0.749031,0.000000,0.000000)
(4.5,0.1,0.9) = (0.249,0.750603,0.000000,0.000000)
(4.5,0.1,1.0) = (0.251,0.748731,0.000000,0.000000)
(4.5,0.2,0.0) = (0.000,0.289344,0.392142,0.318514)
(4.5,0.2,0.1) = (0.000,0.296444,0.404819,0.298736)
(4.5,0.2,0.2) = (0.000,0.331261,0.423786,0.244953)
(4.5,0.2,0.3) = (0.000,0.367753,0.450453,0.181794)
(4.5,0.2,0.4) = (0.252,0.747947,0.000000,0.000000)
(4.5,0.2,0.5) = (0.248,0.751972,0.000000,0.000000)
(4.5,0.2,0.6) = (0.250,0.750464,0.000000,0.000000)
(4.5,0.2,0.7) = (0.249,0.750683,0.000000,0.000000)
(4.5,0.2,0.8) = (0.250,0.749808,0.000000,0.000000)
(4.5,0.2,0.9) = (0.249,0.750683,0.000000,0.000000)
(4.5,0.2,1.0) = (0.249,0.750547,0.000000,0.000000)
(4.5,0.3,0.0) = (0.000,0.328633,0.392292,0.279075)
(4.5,0.3,0.1) = (0.000,0.269244,0.384786,0.345969)
(4.5,0.3,0.2) = (0.000,0.323453,0.363644,0.312903)
(4.5,0.3,0.3) = (0.000,0.491439,0.338003,0.170558)
(4.5,0.3,0.4) = (0.000,0.431361,0.367925,0.200714)
(4.5,0.3,0.5) = (0.003,0.368372,0.380408,0.248144)
(4.5,0.3,0.6) = (0.248,0.747878,0.000000,0.003775)
(4.5,0.3,0.7) = (0.250,0.750186,0.000000,0.000000)
(4.5,0.3,0.8) = (0.251,0.749031,0.000000,0.000000)
(4.5,0.3,0.9) = (0.250,0.750069,0.000000,0.000000)
(4.5,0.3,1.0) = (0.250,0.749750,0.000000,0.000000)
(4.5,0.4,0.0) = (0.000,0.411569,0.280281,0.308150)
(4.5,0.4,0.1) = (0.000,0.242350,0.382181,0.375469)
(4.5,0.4,0.2) = (0.000,0.444669,0.307281,0.248050)
(4.5,0.4,0.3) = (0.000,0.385478,0.263328,0.351194)
(4.5,0.4,0.4) = (0.000,0.449025,0.311464,0.239511)
(4.5,0.4,0.5) = (0.000,0.540081,0.273175,0.186744)
(4.5,0.4,0.6) = (0.000,0.400397,0.364214,0.235389)
(4.5,0.4,0.7) = (0.046,0.505558,0.237008,0.211456)
(4.5,0.4,0.8) = (0.247,0.750433,0.000000,0.002161)
(4.5,0.4,0.9) = (0.250,0.749931,0.000000,0.000000)
(4.5,0.4,1.0) = (0.250,0.749800,0.000000,0.000000)
(4.5,0.5,0.0) = (0.000,0.364883,0.329053,0.306064)
(4.5,0.5,0.1) = (0.000,0.361853,0.317042,0.321106)
(4.5,0.5,0.2) = (0.000,0.387569,0.334847,0.277583)
(4.5,0.5,0.3) = (0.000,0.502767,0.321053,0.176181)
(4.5,0.5,0.4) = (0.000,0.451236,0.258453,0.290311)
(4.5,0.5,0.5) = (0.000,0.509547,0.274881,0.215572)
(4.5,0.5,0.6) = (0.000,0.552525,0.254686,0.192789)
(4.5,0.5,0.7) = (0.000,0.462792,0.255550,0.281617)
(4.5,0.5,0.8) = (0.004,0.424861,0.327778,0.243617)
(4.5,0.5,0.9) = (0.058,0.574131,0.144433,0.223739)
(4.5,0.5,1.0) = (0.212,0.729578,0.001522,0.056619)
(4.5,0.6,0.0) = (0.000,0.379847,0.278983,0.341169)
(4.5,0.6,0.1) = (0.000,0.304119,0.326094,0.369786)
(4.5,0.6,0.2) = (0.000,0.401381,0.357897,0.240722)
(4.5,0.6,0.3) = (0.000,0.426169,0.313383,0.260447)
(4.5,0.6,0.4) = (0.000,0.482625,0.279128,0.238247)
(4.5,0.6,0.5) = (0.000,0.477239,0.281878,0.240883)
(4.5,0.6,0.6) = (0.000,0.504956,0.286494,0.208550)
(4.5,0.6,0.7) = (0.000,0.564864,0.301544,0.133592)
(4.5,0.6,0.8) = (0.000,0.505325,0.291714,0.202961)
(4.5,0.6,0.9) = (0.001,0.443592,0.375803,0.179758)
(4.5,0.6,1.0) = (0.009,0.444075,0.294672,0.252294)
(4.5,0.7,0.0) = (0.000,0.328133,0.333797,0.338069)
(4.5,0.7,0.1) = (0.000,0.305056,0.378744,0.316200)
(4.5,0.7,0.2) = (0.000,0.427358,0.343075,0.229567)
(4.5,0.7,0.3) = (0.000,0.473444,0.312061,0.214494)
(4.5,0.7,0.4) = (0.000,0.506636,0.248558,0.244806)
(4.5,0.7,0.5) = (0.000,0.507750,0.324503,0.167747)
(4.5,0.7,0.6) = (0.000,0.483428,0.342653,0.173919)
(4.5,0.7,0.7) = (0.000,0.488506,0.337294,0.174200)
(4.5,0.7,0.8) = (0.000,0.478778,0.340608,0.180614)
(4.5,0.7,0.9) = (0.000,0.515450,0.313125,0.171425)
(4.5,0.7,1.0) = (0.002,0.428367,0.374572,0.195503)
(4.5,0.8,0.0) = (0.000,0.381956,0.286639,0.331406)
(4.5,0.8,0.1) = (0.000,0.306408,0.389947,0.303644)
(4.5,0.8,0.2) = (0.000,0.426389,0.317506,0.256106)
(4.5,0.8,0.3) = (0.000,0.451228,0.264553,0.284219)
(4.5,0.8,0.4) = (0.000,0.499106,0.283008,0.217886)
(4.5,0.8,0.5) = (0.000,0.516311,0.289469,0.194219)
(4.5,0.8,0.6) = (0.000,0.621133,0.243414,0.135453)
(4.5,0.8,0.7) = (0.000,0.429611,0.370256,0.200133)
(4.5,0.8,0.8) = (0.000,0.591531,0.246831,0.161639)
(4.5,0.8,0.9) = (0.000,0.568417,0.247192,0.184392)
(4.5,0.8,1.0) = (0.000,0.539475,0.291189,0.169336)
(4.5,0.9,0.0) = (0.000,0.300950,0.339861,0.359189)
(4.5,0.9,0.1) = (0.000,0.384647,0.332183,0.283169)
(4.5,0.9,0.2) = (0.000,0.424264,0.306506,0.269231)
(4.5,0.9,0.3) = (0.000,0.479531,0.291622,0.228847)
(4.5,0.9,0.4) = (0.000,0.409358,0.351239,0.239403)
(4.5,0.9,0.5) = (0.000,0.537236,0.250444,0.212319)
(4.5,0.9,0.6) = (0.000,0.507494,0.278028,0.214478)
(4.5,0.9,0.7) = (0.000,0.423975,0.336706,0.239319)
(4.5,0.9,0.8) = (0.000,0.558017,0.255392,0.186592)
(4.5,0.9,0.9) = (0.000,0.576186,0.274406,0.149408)
(4.5,0.9,1.0) = (0.000,0.511469,0.287381,0.201150)
(4.5,1.0,0.0) = (0.000,0.350872,0.279011,0.370117)
(4.5,1.0,0.1) = (0.000,0.433514,0.308119,0.258367)
(4.5,1.0,0.2) = (0.000,0.421533,0.318756,0.259711)
(4.5,1.0,0.3) = (0.000,0.445233,0.294869,0.259897)
(4.5,1.0,0.4) = (0.000,0.497164,0.310533,0.192303)
(4.5,1.0,0.5) = (0.000,0.469853,0.347847,0.182300)
(4.5,1.0,0.6) = (0.000,0.558625,0.259394,0.181981)
(4.5,1.0,0.7) = (0.000,0.471247,0.337858,0.190894)
(4.5,1.0,0.8) = (0.000,0.535156,0.258972,0.205872)
(4.5,1.0,0.9) = (0.000,0.543872,0.273033,0.183094)
(4.5,1.0,1.0) = (0.000,0.656378,0.222047,0.121575)
(5.0,0.0,0.0) = (0.069,0.404933,0.285575,0.240156)
(5.0,0.0,0.1) = (0.069,0.930697,0.000000,0.000000)
(5.0,0.0,0.2) = (0.072,0.928497,0.000000,0.000000)
(5.0,0.0,0.3) = (0.070,0.929500,0.000000,0.000000)
(5.0,0.0,0.4) = (0.071,0.929128,0.000000,0.000000)
(5.0,0.0,0.5) = (0.070,0.929922,0.000000,0.000000)
(5.0,0.0,0.6) = (0.070,0.930161,0.000000,0.000000)
(5.0,0.0,0.7) = (0.069,0.930503,0.000000,0.000000)
(5.0,0.0,0.8) = (0.069,0.931203,0.000000,0.000000)
(5.0,0.0,0.9) = (0.071,0.929067,0.000000,0.000000)
(5.0,0.0,1.0) = (0.071,0.929325,0.000000,0.000000)
(5.0,0.1,0.0) = (0.000,0.179803,0.330919,0.489278)
(5.0,0.1,0.1) = (0.000,0.316094,0.365133,0.318772)
(5.0,0.1,0.2) = (0.019,0.660769,0.250547,0.069511)
(5.0,0.1,0.3) = (0.071,0.928931,0.000000,0.000000)
(5.0,0.1,0.4) = (0.068,0.931839,0.000000,0.000000)
(5.0,0.1,0.5) = (0.069,0.930508,0.000000,0.000000)
(5.0,0.1,0.6) = (0.070,0.930200,0.000000,0.000000)
(5.0,0.1,0.7) = (0.069,0.930833,0.000000,0.000000)
(5.0,0.1,0.8) = (0.070,0.930061,0.000000,0.000000)
(5.0,0.1,0.9) = (0.069,0.931356,0.000000,0.000000)
(5.0,0.1,1.0) = (0.070,0.929794,0.000000,0.000000)
(5.0,0.2,0.0) = (0.000,0.271167,0.377233,0.351600)
(5.0,0.2,0.1) = (0.000,0.353314,0.294531,0.352156)
(5.0,0.2,0.2) = (0.000,0.433972,0.297067,0.268961)
(5.0,0.2,0.3) = (0.000,0.529492,0.256983,0.213525)
(5.0,0.2,0.4) = (0.025,0.762817,0.152686,0.059700)
(5.0,0.2,0.5) = (0.068,0.930436,0.001325,0.000253)
(5.0,0.2,0.6) = (0.070,0.929694,0.000000,0.000000)
(5.0,0.2,0.7) = (0.069,0.930592,0.000000,0.000000)
(5.0,0.2,0.8) = (0.070,0.929800,0.000000,0.000000)
(5.0,0.2,0.9) = (0.071,0.929358,0.000000,0.000000)
(5.0,0.2,1.0) = (0.071,0.929344,0.000000,0.000000)
(5.0,0.3,0.0) = (0.000,0.305217,0.395458,0.299325)
(5.0,0.3,0.1) = (0.000,0.414139,0.294872,0.290989)
(5.0,0.3,0.2) = (0.000,0.438528,0.342264,0.219208)
(5.0,0.3,0.3) = (0.000,0.370086,0.396933,0.232981)
(5.0,0.3,0.4) = (0.000,0.460628,0.338519,0.200853)
(5.0,0.3,0.5) = (0.000,0.691725,0.217925,0.090025)
(5.0,0.3,0.6) = (0.013,0.702711,0.166403,0.118242)
(5.0,0.3,0.7) = (0.055,0.877700,0.032892,0.034181)
(5.0,0.3,0.8) = (0.068,0.925514,0.000000,0.006906)
(5.0,0.3,0.9) = (0.070,0.929456,0.000000,0.000858)
(5.0,0.3,1.0) = (0.070,0.930033,0.000000,0.000000)
(5.0,0.4,0.0) = (0.000,0.333586,0.353139,0.313275)
(5.0,0.4,0.1) = (0.000,0.353283,0.344467,0.302250)
(5.0,0.4,0.2) = (0.000,0.416692,0.304417,0.278892)
(5.0,0.4,0.3) = (0.000,0.451442,0.360192,0.188367)
(5.0,0.4,0.4) = (0.000,0.458272,0.341581,0.200147)
(5.0,0.4,0.5) = (0.000,0.520703,0.314683,0.164614)
(5.0,0.4,0.6) = (0.000,0.600397,0.223594,0.176008)
(5.0,0.4,0.7) = (0.005,0.706625,0.160581,0.127797)
(5.0,0.4,0.8) = (0.018,0.739683,0.162736,0.079864)
(5.0,0.4,0.9) = (0.044,0.859253,0.051072,0.046164)
(5.0,0.4,1.0) = (0.060,0.913897,0.005164,0.021325)
(5.0,0.5,0.0) = (0.000,0.272064,0.391997,0.335939)
(5.0,0.5,0.1) = (0.000,0.379772,0.338914,0.281314)
(5.0,0.5,0.2) = (0.000,0.316656,0.366928,0.316417)
(5.0,0.5,0.3) = (0.000,0.453278,0.286822,0.259900)
(5.0,0.5,0.4) = (0.000,0.430183,0.293644,0.276172)
(5.0,0.5,0.5) = (0.000,0.489617,0.295742,0.214642)
(5.0,0.5,0.6) = (0.000,0.500567,0.322628,0.176806)
(5.0,0.5,0.7) = (0.000,0.531050,0.239228,0.229722)
(5.0,0.5,0.8) = (0.000,0.641853,0.175064,0.182811)
(5.0,0.5,0.9) = (0.003,0.686247,0.186086,0.124872)
(5.0,0.5,1.0) = (0.011,0.742247,0.188003,0.059250)
(5.0,0.6,0.0) = (0.000,0.345208,0.364289,0.290503)
(5.0,0.6,0.1) = (0.000,0.312494,0.348639,0.338867)
(5.0,0.6,0.2) = (0.000,0.392281,0.333583,0.274136)
(5.0,0.6,0.3) = (0.000,0.406044,0.301653,0.292303)
(5.0,0.6,0.4) = (0.000,0.438758,0.333764,0.227478)
(5.0,0.6,0.5) = (0.000,0.538167,0.254061,0.207772)
(5.0,0.6,0.6) = (0.000,0.481136,0.307586,0.211278)
(5.0,0.6,0.7) = (0.000,0.545506,0.257100,0.197394)
(5.0,0.6,0.8) = (0.000,0.626425,0.217058,0.156517)
(5.0,0.6,0.9) = (0.000,0.693311,0.185056,0.121633)
(5.0,0.6,1.0) = (0.000,0.704806,0.200589,0.094161)
(5.0,0.7,0.0) = (0.000,0.331331,0.294072,0.374597)
(5.0,0.7,0.1) = (0.000,0.341075,0.288558,0.370367)
(5.0,0.7,0.2) = (0.000,0.463983,0.256089,0.279928)
(5.0,0.7,0.3) = (0.000,0.360522,0.339178,0.300300)
(5.0,0.7,0.4) = (0.000,0.449683,0.312006,0.238311)
(5.0,0.7,0.5) = (0.000,0.458608,0.265928,0.275464)
(5.0,0.7,0.6) = (0.000,0.466803,0.252547,0.280650)
(5.0,0.7,0.7) = (0.000,0.565447,0.260422,0.174131)
(5.0,0.7,0.8) = (0.000,0.540544,0.270311,0.189144)
(5.0,0.7,0.9) = (0.000,0.597025,0.213253,0.189722)
(5.0,0.7,1.0) = (0.000,0.516839,0.311897,0.171264)
(5.0,0.8,0.0) = (0.000,0.351031,0.352264,0.296706)
(5.0,0.8,0.1) = (0.000,0.393206,0.292133,0.314661)
(5.0,0.8,0.2) = (0.000,0.408167,0.304950,0.286883)
(5.0,0.8,0.3) = (0.000,0.428986,0.290561,0.280453)
(5.0,0.8,0.4) = (0.000,0.528714,0.300567,0.170719)
(5.0,0.8,0.5) = (0.000,0.427458,0.271581,0.300961)
(5.0,0.8,0.6) = (0.000,0.486461,0.300806,0.212733)
(5.0,0.8,0.7) = (0.000,0.509308,0.287933,0.202758)
(5.0,0.8,0.8) = (0.000,0.515572,0.269275,0.215153)
(5.0,0.8,0.9) = (0.000,0.637397,0.213158,0.149444)
(5.0,0.8,1.0) = (0.000,0.601186,0.278750,0.120064)
(5.0,0.9,0.0) = (0.000,0.345108,0.316067,0.338825)
(5.0,0.9,0.1) = (0.000,0.388972,0.351319,0.259708)
(5.0,0.9,0.2) = (0.000,0.377244,0.371833,0.250922)
(5.0,0.9,0.3) = (0.000,0.420303,0.330133,0.249564)
(5.0,0.9,0.4) = (0.000,0.369353,0.364431,0.266217)
(5.0,0.9,0.5) = (0.000,0.457950,0.304211,0.237839)
(5.0,0.9,0.6) = (0.000,0.512556,0.335364,0.152081)
(5.0,0.9,0.7) = (0.000,0.567044,0.244950,0.188006)
(5.0,0.9,0.8) = (0.000,0.506686,0.306828,0.186486)
(5.0,0.9,0.9) = (0.000,0.519200,0.257806,0.222994)
(5.0,0.9,1.0) = (0.000,0.583522,0.258214,0.158264)
(5.0,1.0,0.0) = (0.000,0.345425,0.298967,0.355608)
(5.0,1.0,0.1) = (0.000,0.344125,0.376078,0.279797)
(5.0,1.0,0.2) = (0.000,0.419047,0.328239,0.252714)
(5.0,1.0,0.3) = (0.000,0.501900,0.324406,0.173694)
(5.0,1.0,0.4) = (0.000,0.484933,0.227453,0.287614)
(5.0,1.0,0.5) = (0.000,0.460486,0.288750,0.250764)
(5.0,1.0,0.6) = (0.000,0.438125,0.357550,0.204325)
(5.0,1.0,0.7) = (0.000,0.485292,0.286733,0.227975)
(5.0,1.0,0.8) = (0.000,0.566367,0.221911,0.211722)
(5.0,1.0,0.9) = (0.000,0.597222,0.260003,0.142775)
(5.0,1.0,1.0) = (0.000,0.525697,0.301358,0.172944)
