(3.0,0.0,0.0) = (1.000,0.000000,0.000000,0.000000)
(3.0,0.0,0.1) = (1.000,0.000000,0.000000,0.000000)
(3.0,0.0,0.2) = (1.000,0.000000,0.000000,0.000000)
(3.0,0.0,0.3) = (1.000,0.000000,0.000000,0.000000)
(3.0,0.0,0.4) = (1.000,0.000000,0.000000,0.000000)
(3.0,0.0,0.5) = (1.000,0.000000,0.000000,0.000000)
(3.0,0.0,0.6) = (1.000,0.000000,0.000000,0.000000)
(3.0,0.0,0.7) = (1.000,0.000000,0.000000,0.000000)
(3.0,0.0,0.8) = (1.000,0.000000,0.000000,0.000000)
(3.0,0.0,0.9) = (1.000,0.000000,0.000000,0.000000)
(3.0,0.0,1.0) = (1.000,0.000000,0.000000,0.000000)
(3.0,0.1,0.0) = (0.527,0.000000,0.237347,0.235775)
(3.0,0.1,0.1) = (1.000,0.000000,0.000000,0.000000)
(3.0,0.1,0.2) = (1.000,0.000000,0.000000,0.000000)
(3.0,0.1,0.3) = (1.000,0.000000,0.000000,0.000000)
(3.0,0.1,0.4) = (1.000,0.000000,0.000000,0.000000)
(3.0,0.1,0.5) = (1.000,0.000000,0.000000,0.000000)
(3.0,0.1,0.6) = (1.000,0.000000,0.000000,0.000000)
(3.0,0.1,0.7) = (1.000,0.000000,0.000000,0.000000)
(3.0,0.1,0.8) = (1.000,0.000000,0.000000,0.000000)
(3.0,0.1,0.9) = (1.000,0.000000,0.000000,0.000000)
(3.0,0.1,1.0) = (1.000,0.000000,0.000000,0.000000)
(3.0,0.2,0.0) = (0.000,0.015942,0.535250,0.448808)
(3.0,0.2,0.1) = (0.000,0.000000,0.502706,0.497294)
(3.0,0.2,0.2) = (1.000,0.000000,0.000000,0.000000)
(3.0,0.2,0.3) = (1.000,0.000000,0.000000,0.000000)
(3.0,0.2,0.4) = (1.000,0.000000,0.000000,0.000000)
(3.0,0.2,0.5) = (1.000,0.000000,0.000000,0.000000)
(3.0,0.2,0.6) = (1.000,0.000000,0.000000,0.000000)
(3.0,0.2,0.7) = (1.000,0.000000,0.000000,0.000000)
(3.0,0.2,0.8) = (1.000,0.000000,0.000000,0.000000)
(3.0,0.2,0.9) = (1.000,0.000000,0.000000,0.000000)
(3.0,0.2,1.0) = (1.000,0.000000,0.000000,0.000000)
(3.0,0.3,0.0) = (0.000,0.197097,0.352408,0.450494)
(3.0,0.3,0.1) = (0.000,0.100322,0.409392,0.490286)
(3.0,0.3,0.2) = (0.000,0.004125,0.547144,0.448731)
(3.0,0.3,0.3) = (1.000,0.000000,0.000000,0.000000)
(3.0,0.3,0.4) = (1.000,0.000000,0.000000,0.000000)
(3.0,0.3,0.5) = (1.000,0.000000,0.000000,0.000000)
(3.0,0.3,0.6) = (1.000,0.000000,0.000000,0.000000)
(3.0,0.3,0.7) = (1.000,0.000000,0.000000,0.000000)
(3.0,0.3,0.8) = (1.000,0.000000,0.000000,0.000000)
(3.0,0.3,0.9) = (1.000,0.000000,0.000000,0.000000)
(3.0,0.3,1.0) = (1.000,0.000000,0.000000,0.000000)
(3.0,0.4,0.0) = (0.000,0.223381,0.424797,0.351822)
(3.0,0.4,0.1) = (0.000,0.200381,0.408739,0.390881)
(3.0,0.4,0.2) = (0.000,0.278719,0.409983,0.311297)
(3.0,0.4,0.3) = (0.000,0.017119,0.521631,0.461250)
(3.0,0.4,0.4) = (1.000,0.000000,0.000000,0.000000)
(3.0,0.4,0.5) = (1.000,0.000000,0.000000,0.000000)
(3.0,0.4,0.6) = (1.000,0.000000,0.000000,0.000000)
(3.0,0.4,0.7) = (1.000,0.000000,0.000000,0.000000)
(3.0,0.4,0.8) = (1.000,0.000000,0.000000,0.000000)
(3.0,0.4,0.9) = (1.000,0.000000,0.000000,0.000000)
(3.0,0.4,1.0) = (1.000,0.000000,0.000000,0.000000)
(3.0,0.5,0.0) = (0.000,0.302533,0.310800,0.386667)
(3.0,0.5,0.1) = (0.000,0.281528,0.345572,0.372900)
(3.0,0.5,0.2) = (0.000,0.365486,0.287528,0.346986)
(3.0,0.5,0.3) = (0.000,0.247589,0.355417,0.396994)
(3.0,0.5,0.4) = (0.000,0.097447,0.482639,0.419914)
(3.0,0.5,0.5) = (1.000,0.000000,0.000000,0.000000)
(3.0,0.5,0.6) = (1.000,0.000000,0.000000,0.000000)
(3.0,0.5,0.7) = (1.000,0.000000,0.000000,0.000000)
(3.0,0.5,0.8) = (1.000,0.000000,0.000000,0.000000)
(3.0,0.5,0.9) = (1.000,0.000000,0.000000,0.000000)
(3.0,0.5,1.0) = (1.000,0.000000,0.000000,0.000000)
(3.0,0.6,0.0) = (0.000,0.226878,0.406039,0.367083)
(3.0,0.6,0.1) = (0.000,0.320919,0.337628,0.341453)
(3.0,0.6,0.2) = (0.000,0.363064,0.335858,0.301078)
(3.0,0.6,0.3) = (0.000,0.351378,0.383781,0.264842)
(3.0,0.6,0.4) = (0.000,0.254094,0.408756,0.337150)
(3.0,0.6,0.5) = (0.000,0.163164,0.491347,0.345489)
(3.0,0.6,0.6) = (1.000,0.000000,0.000000,0.000000)
(3.0,0.6,0.7) = (1.000,0.000000,0.000000,0.000000)
(3.0,0.6,0.8) = (1.000,0.000000,0.000000,0.000000)
(3.0,0.6,0.9) = (1.000,0.000000,0.000000,0.000000)
(3.0,0.6,1.0) = (1.000,0.000000,0.000000,0.000000)
(3.0,0.7,0.0) = (0.000,0.267072,0.380281,0.352647)
(3.0,0.7,0.1) = (0.000,0.336275,0.319317,0.344408)
(3.0,0.7,0.2) = (0.000,0.435831,0.263064,0.301106)
(3.0,0.7,0.3) = (0.000,0.437672,0.338825,0.223503)
(3.0,0.7,0.4) = (0.000,0.351153,0.360681,0.288167)
(3.0,0.7,0.5) = (0.000,0.179000,0.504044,0.316956)
(3.0,0.7,0.6) = (0.000,0.165122,0.549106,0.285772)
(3.0,0.7,0.7) = (0.705,0.035242,0.259503,0.000000)
(3.0,0.7,0.8) = (1.000,0.000000,0.000000,0.000000)
(3.0,0.7,0.9) = (1.000,0.000000,0.000000,0.000000)
(3.0,0.7,1.0) = (1.000,0.000000,0.000000,0.000000)
(3.0,0.8,0.0) = (0.000,0.305508,0.353564,0.340928)
(3.0,0.8,0.1) = (0.000,0.312472,0.355028,0.332500)
(3.0,0.8,0.2) = (0.000,0.390572,0.312344,0.297083)
(3.0,0.8,0.3) = (0.000,0.403864,0.305853,0.290283)
(3.0,0.8,0.4) = (0.000,0.384133,0.316628,0.299239)
(3.0,0.8,0.5) = (0.000,0.316128,0.363711,0.320161)
(3.0,0.8,0.6) = (0.000,0.260167,0.401617,0.338217)
(3.0,0.8,0.7) = (0.000,0.152717,0.569644,0.277639)
(3.0,0.8,0.8) = (0.923,0.019197,0.057936,0.000000)
(3.0,0.8,0.9) = (1.000,0.000000,0.000000,0.000000)
(3.0,0.8,1.0) = (1.000,0.000000,0.000000,0.000000)
(3.0,0.9,0.0) = (0.000,0.385833,0.332819,0.281347)
(3.0,0.9,0.1) = (0.000,0.382431,0.387594,0.229975)
(3.0,0.9,0.2) = (0.000,0.419114,0.307672,0.273214)
(3.0,0.9,0.3) = (0.000,0.463811,0.309042,0.227147)
(3.0,0.9,0.4) = (0.000,0.492058,0.251531,0.256411)
(3.0,0.9,0.5) = (0.000,0.411756,0.299514,0.288731)
(3.0,0.9,0.6) = (0.000,0.277922,0.427800,0.294278)
(3.0,0.9,0.7) = (0.000,0.174894,0.486906,0.338200)
(3.0,0.9,0.8) = (0.000,0.139208,0.657294,0.203497)
(3.0,0.9,0.9) = (1.000,0.000000,0.000000,0.000000)
(3.0,0.9,1.0) = (1.000,0.000000,0.000000,0.000000)
(3.0,1.0,0.0) = (0.000,0.238708,0.346414,0.414878)
(3.0,1.0,0.1) = (0.000,0.357206,0.358261,0.284533)
(3.0,1.0,0.2) = (0.000,0.390258,0.308683,0.301058)
(3.0,1.0,0.3) = (0.000,0.513753,0.277278,0.208969)
(3.0,1.0,0.4) = (0.000,0.539197,0.215350,0.245453)
(3.0,1.0,0.5) = (0.000,0.421158,0.292411,0.286431)
(3.0,1.0,0.6) = (0.000,0.425250,0.316489,0.258261)
(3.0,1.0,0.7) = (0.000,0.296631,0.398297,0.305072)
(3.0,1.0,0.8) = (0.000,0.122303,0.679467,0.198231)
(3.0,1.0,0.9) = (0.000,0.147353,0.798922,0.053633)
(3.0,1.0,1.0) = (1.000,0.000000,0.000000,0.000000)
(3.5,0.0,0.0) = (1.000,0.000000,0.000000,0.000000)
(3.5,0.0,0.1) = (1.000,0.000000,0.000000,0.000000)
(3.5,0.0,0.2) = (1.000,0.000000,0.000000,0.000000)
(3.5,0.0,0.3) = (1.000,0.000000,0.000000,0.000000)
(3.5,0.0,0.4) = (1.000,0.000000,0.000000,0.000000)
(3.5,0.0,0.5) = (1.000,0.000000,0.000000,0.000000)
(3.5,0.0,0.6) = (1.000,0.000000,0.000000,0.000000)
(3.5,0.0,0.7) = (1.000,0.000000,0.000000,0.000000)
(3.5,0.0,0.8) = (1.000,0.000000,0.000000,0.000000)
(3.5,0.0,0.9) = (1.000,0.000000,0.000000,0.000000)
(3.5,0.0,1.0) = (1.000,0.000000,0.000000,0.000000)
(3.5,0.1,0.0) = (0.000,0.000000,0.543150,0.456850)
(3.5,0.1,0.1) = (0.227,0.000000,0.433358,0.339886)
(3.5,0.1,0.2) = (1.000,0.000000,0.000000,0.000000)
(3.5,0.1,0.3) = (1.000,0.000000,0.000000,0.000000)
(3.5,0.1,0.4) = (1.000,0.000000,0.000000,0.000000)
(3.5,0.1,0.5) = (1.000,0.000000,0.000000,0.000000)
(3.5,0.1,0.6) = (1.000,0.000000,0.000000,0.000000)
(3.5,0.1,0.7) = (1.000,0.000000,0.000000,0.000000)
(3.5,0.1,0.8) = (1.000,0.000000,0.000000,0.000000)
(3.5,0.1,0.9) = (1.000,0.000000,0.000000,0.000000)
(3.5,0.1,1.0) = (1.000,0.000000,0.000000,0.000000)
(3.5,0.2,0.0) = (0.000,0.093056,0.396997,0.509947)
(3.5,0.2,0.1) = (0.000,0.125231,0.357869,0.516900)
(3.5,0.2,0.2) = (0.000,0.002536,0.480461,0.517003)
(3.5,0.2,0.3) = (1.000,0.000000,0.000000,0.000000)
(3.5,0.2,0.4) = (1.000,0.000000,0.000000,0.000000)
(3.5,0.2,0.5) = (1.000,0.000000,0.000000,0.000000)
(3.5,0.2,0.6) = (1.000,0.000000,0.000000,0.000000)
(3.5,0.2,0.7) = (1.000,0.000000,0.000000,0.000000)
(3.5,0.2,0.8) = (1.000,0.000000,0.000000,0.000000)
(3.5,0.2,0.9) = (1.000,0.000000,0.000000,0.000000)
(3.5,0.2,1.0) = (1.000,0.000000,0.000000,0.000000)
(3.5,0.3,0.0) = (0.000,0.238094,0.363642,0.398264)
(3.5,0.3,0.1) = (0.000,0.256344,0.382728,0.360928)
(3.5,0.3,0.2) = (0.000,0.160931,0.438294,0.400775)
(3.5,0.3,0.3) = (0.000,0.081617,0.498500,0.419883)
(3.5,0.3,0.4) = (1.000,0.000000,0.000000,0.000000)
(3.5,0.3,0.5) = (1.000,0.000000,0.000000,0.000000)
(3.5,0.3,0.6) = (1.000,0.000000,0.000000,0.000000)
(3.5,0.3,0.7) = (1.000,0.000000,0.000000,0.000000)
(3.5,0.3,0.8) = (1.000,0.000000,0.000000,0.000000)
(3.5,0.3,0.9) = (1.000,0.000000,0.000000,0.000000)
(3.5,0.3,1.0) = (1.000,0.000000,0.000000,0.000000)
(3.5,0.4,0.0) = (0.000,0.325308,0.347094,0.327597)
(3.5,0.4,0.1) = (0.000,0.228978,0.397650,0.373372)
(3.5,0.4,0.2) = (0.000,0.307075,0.375381,0.317544)
(3.5,0.4,0.3) = (0.000,0.286264,0.423042,0.290694)
(3.5,0.4,0.4) = (0.000,0.213014,0.399694,0.387292)
(3.5,0.4,0.5) = (0.744,0.036753,0.196031,0.022894)
(3.5,0.4,0.6) = (1.000,0.000000,0.000000,0.000000)
(3.5,0.4,0.7) = (1.000,0.000000,0.000000,0.000000)
(3.5,0.4,0.8) = (1.000,0.000000,0.000000,0.000000)
(3.5,0.4,0.9) = (1.000,0.000000,0.000000,0.000000)
(3.5,0.4,1.0) = (1.000,0.000000,0.000000,0.000000)
(3.5,0.5,0.0) = (0.000,0.255650,0.338442,0.405908)
(3.5,0.5,0.1) = (0.000,0.313589,0.359078,0.327333)
(3.5,0.5,0.2) = (0.000,0.415272,0.278894,0.305833)
(3.5,0.5,0.3) = (0.000,0.369939,0.284628,0.345433)
(3.5,0.5,0.4) = (0.000,0.425992,0.283878,0.290131)
(3.5,0.5,0.5) = (0.000,0.249092,0.420803,0.330106)
(3.5,0.5,0.6) = (0.000,0.151008,0.711261,0.137731)
(3.5,0.5,0.7) = (1.000,0.000000,0.000000,0.000000)
(3.5,0.5,0.8) = (1.000,0.000000,0.000000,0.000000)
(3.5,0.5,0.9) = (1.000,0.000000,0.000000,0.000000)
(3.5,0.5,1.0) = (1.000,0.000000,0.000000,0.000000)
(3.5,0.6,0.0) = (0.000,0.350014,0.325836,0.324150)
(3.5,0.6,0.1) = (0.000,0.338183,0.313222,0.348594)
(3.5,0.6,0.2) = (0.000,0.438111,0.232919,0.328969)
(3.5,0.6,0.3) = (0.000,0.385383,0.330264,0.284353)
(3.5,0.6,0.4) = (0.000,0.357508,0.296222,0.346269)
(3.5,0.6,0.5) = (0.000,0.285125,0.356389,0.358486)
(3.5,0.6,0.6) = (0.000,0.208422,0.452525,0.339053)
(3.5,0.6,0.7) = (0.000,0.222600,0.620750,0.156650)
(3.5,0.6,0.8) = (0.999,0.000767,0.000461,0.000000)
(3.5,0.6,0.9) = (1.000,0.000000,0.000000,0.000000)
(3.5,0.6,1.0) = (1.000,0.000000,0.000000,0.000000)
(3.5,0.7,0.0) = (0.000,0.342186,0.369294,0.288519)
(3.5,0.7,0.1) = (0.000,0.403833,0.305750,0.290417)
(3.5,0.7,0.2) = (0.000,0.427003,0.297347,0.275650)
(3.5,0.7,0.3) = (0.000,0.415744,0.299136,0.285119)
(3.5,0.7,0.4) = (0.000,0.395789,0.334903,0.269308)
(3.5,0.7,0.5) = (0.000,0.271042,0.343806,0.385153)
(3.5,0.7,0.6) = (0.000,0.348833,0.265508,0.385658)
(3.5,0.7,0.7) = (0.000,0.280619,0.456333,0.263047)
(3.5,0.7,0.8) = (0.001,0.171553,0.659286,0.168333)
(3.5,0.7,0.9) = (0.921,0.036606,0.042636,0.000000)
(3.5,0.7,1.0) = (1.000,0.000000,0.000000,0.000000)
(3.5,0.8,0.0) = (0.000,0.306933,0.404386,0.288681)
(3.5,0.8,0.1) = (0.000,0.382508,0.235097,0.382394)
(3.5,0.8,0.2) = (0.000,0.442556,0.265056,0.292389)
(3.5,0.8,0.3) = (0.000,0.487547,0.316667,0.195786)
(3.5,0.8,0.4) = (0.000,0.438064,0.315553,0.246383)
(3.5,0.8,0.5) = (0.000,0.495975,0.289889,0.214136)
(3.5,0.8,0.6) = (0.000,0.406697,0.228283,0.365019)
(3.5,0.8,0.7) = (0.000,0.345164,0.365672,0.289164)
(3.5,0.8,0.8) = (0.000,0.224269,0.494158,0.281572)
(3.5,0.8,0.9) = (0.000,0.184042,0.573958,0.242000)
(3.5,0.8,1.0) = (0.729,0.110744,0.160736,0.000000)
(3.5,0.9,0.0) = (0.000,0.325406,0.335639,0.338956)
(3.5,0.9,0.1) = (0.000,0.403183,0.279417,0.317400)
(3.5,0.9,0.2) = (0.000,0.396097,0.339086,0.264817)
(3.5,0.9,0.3) = (0.000,0.382597,0.289778,0.327625)
(3.5,0.9,0.4) = (0.000,0.440772,0.216222,0.343006)
(3.5,0.9,0.5) = (0.000,0.440181,0.362161,0.197658)
(3.5,0.9,0.6) = (0.000,0.427872,0.295717,0.276411)
(3.5,0.9,0.7) = (0.000,0.397478,0.302675,0.299847)
(3.5,0.9,0.8) = (0.000,0.296817,0.392344,0.310839)
(3.5,0.9,0.9) = (0.000,0.298369,0.457442,0.244189)
(3.5,0.9,1.0) = (0.001,0.170403,0.640544,0.187903)
(3.5,1.0,0.0) = (0.000,0.332778,0.365789,0.301433)
(3.5,1.0,0.1) = (0.000,0.358289,0.380086,0.261625)
(3.5,1.0,0.2) = (0.000,0.429436,0.357447,0.213117)
(3.5,1.0,0.3) = (0.000,0.528797,0.287169,0.184033)
(3.5,1.0,0.4) = (0.000,0.369361,0.412422,0.218217)
(3.5,1.0,0.5) = (0.000,0.447419,0.310903,0.241678)
(3.5,1.0,0.6) = (0.000,0.475717,0.243036,0.281247)
(3.5,1.0,0.7) = (0.000,0.333425,0.376669,0.289906)
(3.5,1.0,0.8) = (0.000,0.339381,0.395861,0.264758)
(3.5,1.0,0.9) = (0.000,0.332269,0.377036,0.290694)
(3.5,1.0,1.0) = (0.000,0.250719,0.441539,0.307742)
(4.0,0.0,0.0) = (0.491,0.178658,0.217694,0.112550)
(4.0,0.0,0.1) = (0.488,0.512408,0.000000,0.000000)
(4.0,0.0,0.2) = (0.491,0.508878,0.000000,0.000000)
(4.0,0.0,0.3) = (0.488,0.511803,0.000000,0.000000)
(4.0,0.0,0.4) = (0.488,0.512147,0.000000,0.000000)
(4.0,0.0,0.5) = (0.487,0.512631,0.000000,0.000000)
(4.0,0.0,0.6) = (0.485,0.515281,0.000000,0.000000)
(4.0,0.0,0.7) = (0.487,0.513061,0.000000,0.000000)
(4.0,0.0,0.8) = (0.489,0.511058,0.000000,0.000000)
(4.0,0.0,0.9) = (0.489,0.511053,0.000000,0.000000)
(4.0,0.0,1.0) = (0.486,0.513928,0.000000,0.000000)
(4.0,0.1,0.0) = (0.000,0.000400,0.436136,0.563464)
(4.0,0.1,0.1) = (0.000,0.013308,0.604633,0.382058)
(4.0,0.1,0.2) = (0.487,0.512756,0.000000,0.000000)
(4.0,0.1,0.3) = (0.487,0.513031,0.000000,0.000000)
(4.0,0.1,0.4) = (0.490,0.510219,0.000000,0.000000)
(4.0,0.1,0.5) = (0.489,0.511392,0.000000,0.000000)
(4.0,0.1,0.6) = (0.488,0.512053,0.000000,0.000000)
(4.0,0.1,0.7) = (0.486,0.513867,0.000000,0.000000)
(4.0,0.1,0.8) = (0.488,0.511600,0.000000,0.000000)
(4.0,0.1,0.9) = (0.488,0.511878,0.000000,0.000000)
(4.0,0.1,1.0) = (0.493,0.507381,0.000000,0.000000)
(4.0,0.2,0.0) = (0.000,0.098314,0.497806,0.403881)
(4.0,0.2,0.1) = (0.000,0.178706,0.340319,0.480975)
(4.0,0.2,0.2) = (0.000,0.136592,0.445350,0.418058)
(4.0,0.2,0.3) = (0.029,0.154822,0.528614,0.287539)
(4.0,0.2,0.4) = (0.486,0.514375,0.000000,0.000000)
(4.0,0.2,0.5) = (0.489,0.510711,0.000000,0.000000)
(4.0,0.2,0.6) = (0.488,0.511811,0.000000,0.000000)
(4.0,0.2,0.7) = (0.488,0.512150,0.000000,0.000000)
(4.0,0.2,0.8) = (0.488,0.511553,0.000000,0.000000)
(4.0,0.2,0.9) = (0.488,0.511681,0.000000,0.000000)
(4.0,0.2,1.0) = (0.488,0.512025,0.000000,0.000000)
(4.0,0.3,0.0) = (0.000,0.287431,0.358586,0.353983)
(4.0,0.3,0.1) = (0.000,0.254914,0.416633,0.328453)
(4.0,0.3,0.2) = (0.000,0.248403,0.405586,0.346011)
(4.0,0.3,0.3) = (0.000,0.271297,0.406558,0.322144)
(4.0,0.3,0.4) = (0.000,0.263033,0.404842,0.332125)
(4.0,0.3,0.5) = (0.487,0.512564,0.000000,0.000000)
(4.0,0.3,0.6) = (0.489,0.511172,0.000000,0.000000)
(4.0,0.3,0.7) = (0.490,0.510347,0.000000,0.000000)
(4.0,0.3,0.8) = (0.488,0.512483,0.000000,0.000000)
(4.0,0.3,0.9) = (0.487,0.513125,0.000000,0.000000)
(4.0,0.3,1.0) = (0.487,0.512869,0.000000,0.000000)
(4.0,0.4,0.0) = (0.000,0.313711,0.364367,0.321922)
(4.0,0.4,0.1) = (0.000,0.384447,0.261264,0.354289)
(4.0,0.4,0.2) = (0.000,0.427714,0.345186,0.227100)
(4.0,0.4,0.3) = (0.000,0.322811,0.337061,0.340128)
(4.0,0.4,0.4) = (0.000,0.430539,0.242586,0.326875)
(4.0,0.4,0.5) = (0.000,0.314936,0.429708,0.255356)
(4.0,0.4,0.6) = (0.230,0.405811,0.356042,0.008617)
(4.0,0.4,0.7) = (0.488,0.511767,0.000000,0.000000)
(4.0,0.4,0.8) = (0.486,0.513997,0.000000,0.000000)
(4.0,0.4,0.9) = (0.490,0.510236,0.000000,0.000000)
(4.0,0.4,1.0) = (0.489,0.511419,0.000000,0.000000)
(4.0,0.5,0.0) = (0.000,0.328511,0.358472,0.313017)
(4.0,0.5,0.1) = (0.000,0.362025,0.330144,0.307831)
(4.0,0.5,0.2) = (0.000,0.369242,0.300303,0.330456)
(4.0,0.5,0.3) = (0.000,0.420886,0.267686,0.311428)
(4.0,0.5,0.4) = (0.000,0.491389,0.292306,0.216306)
(4.0,0.5,0.5) = (0.000,0.395594,0.355408,0.248997)
(4.0,0.5,0.6) = (0.000,0.354003,0.379111,0.266886)
(4.0,0.5,0.7) = (0.003,0.265294,0.467156,0.264219)
(4.0,0.5,0.8) = (0.485,0.510047,0.004603,0.000000)
(4.0,0.5,0.9) = (0.488,0.511792,0.000000,0.000000)
(4.0,0.5,1.0) = (0.487,0.512600,0.000000,0.000000)
(4.0,0.6,0.0) = (0.000,0.304583,0.375094,0.320322)
(4.0,0.6,0.1) = (0.000,0.325861,0.295344,0.378794)
(4.0,0.6,0.2) = (0.000,0.337136,0.304317,0.358547)
(4.0,0.6,0.3) = (0.000,0.368694,0.317225,0.314081)
(4.0,0.6,0.4) = (0.000,0.425756,0.262381,0.311864)
(4.0,0.6,0.5) = (0.000,0.490519,0.250700,0.258781)
(4.0,0.6,0.6) = (0.000,0.428686,0.271919,0.299394)
(4.0,0.6,0.7) = (0.000,0.379950,0.310428,0.309622)
(4.0,0.6,0.8) = (0.005,0.261431,0.407583,0.326378)
(4.0,0.6,0.9) = (0.255,0.458889,0.245217,0.040908)
(4.0,0.6,1.0) = (0.487,0.511892,0.000000,0.001408)
(4.0,0.7,0.0) = (0.000,0.342442,0.306389,0.351169)
(4.0,0.7,0.1) = (0.000,0.273606,0.382478,0.343917)
(4.0,0.7,0.2) = (0.000,0.430917,0.246017,0.323067)
(4.0,0.7,0.3) = (0.000,0.412053,0.236456,0.351492)
(4.0,0.7,0.4) = (0.000,0.420342,0.243256,0.336403)
(4.0,0.7,0.5) = (0.000,0.433536,0.283033,0.283431)
(4.0,0.7,0.6) = (0.000,0.461794,0.241003,0.297203)
(4.0,0.7,0.7) = (0.000,0.365772,0.340606,0.293622)
(4.0,0.7,0.8) = (0.000,0.358711,0.382433,0.258856)
(4.0,0.7,0.9) = (0.000,0.380436,0.334603,0.284961)
(4.0,0.7,1.0) = (0.011,0.251411,0.540153,0.197519)
(4.0,0.8,0.0) = (0.000,0.329092,0.359981,0.310928)
(4.0,0.8,0.1) = (0.000,0.371417,0.283378,0.345206)
(4.0,0.8,0.2) = (0.000,0.321042,0.344311,0.334647)
(4.0,0.8,0.3) = (0.000,0.402103,0.308950,0.288947)
(4.0,0.8,0.4) = (0.000,0.435647,0.258811,0.305542)
(4.0,0.8,0.5) = (0.000,0.473681,0.260564,0.265756)
(4.0,0.8,0.6) = (0.000,0.532258,0.232156,0.235586)
(4.0,0.8,0.7) = (0.000,0.473447,0.225764,0.300789)
(4.0,0.8,0.8) = (0.000,0.391056,0.335703,0.273242)
(4.0,0.8,0.9) = (0.000,0.303917,0.493486,0.202597)
(4.0,0.8,1.0) = (0.000,0.303231,0.438831,0.257939)
(4.0,0.9,0.0) = (0.000,0.335750,0.335722,0.328528)
(4.0,0.9,0.1) = (0.000,0.360344,0.338114,0.301542)
(4.0,0.9,0.2) = (0.000,0.441739,0.274839,0.283422)
(4.0,0.9,0.3) = (0.000,0.344378,0.304803,0.350819)
(4.0,0.9,0.4) = (0.000,0.545092,0.243544,0.211364)
(4.0,0.9,0.5) = (0.000,0.529700,0.271939,0.198361)
(4.0,0.9,0.6) = (0.000,0.449461,0.257258,0.293281)
(4.0,0.9,0.7) = (0.000,0.450686,0.279269,0.270044)
(4.0,0.9,0.8) = (0.000,0.495606,0.257536,0.246858)
(4.0,0.9,0.9) = (0.000,0.408169,0.296408,0.295422)
(4.0,0.9,1.0) = (0.000,0.363478,0.330089,0.306347)
(4.0,1.0,0.0) = (0.000,0.290022,0.322289,0.387689)
(4.0,1.0,0.1) = (0.000,0.370978,0.247589,0.381433)
(4.0,1.0,0.2) = (0.000,0.415528,0.258500,0.325972)
(4.0,1.0,0.3) = (0.000,0.422742,0.333375,0.243883)
(4.0,1.0,0.4) = (0.000,0.554344,0.228606,0.217050)
(4.0,1.0,0.5) = (0.000,0.484217,0.207503,0.308281)
(4.0,1.0,0.6) = (0.000,0.445292,0.237711,0.316997)
(4.0,1.0,0.7) = (0.000,0.547000,0.263394,0.189606)
(4.0,1.0,0.8) = (0.000,0.491475,0.234433,0.274092)
(4.0,1.0,0.9) = (0.000,0.451867,0.258231,0.289903)
(4.0,1.0,1.0) = (0.000,0.383644,0.374506,0.241850)
(4.5,0.0,0.0) = (0.249,0.293628,0.235686,0.221822)
(4.5,0.0,0.1) = (0.251,0.748611,0.000000,0.000000)
(4.5,0.0,0.2) = (0.249,0.751131,0.000000,0.000000)
(4.5,0.0,0.3) = (0.250,0.750325,0.000000,0.000000)
(4.5,0.0,0.4) = (0.249,0.750864,0.000000,0.000000)
(4.5,0.0,0.5) = (0.250,0.749650,0.000000,0.000000)
(4.5,0.0,0.6) = (0.249,0.751294,0.000000,0.000000)
(4.5,0.0,0.7) = (0.251,0.749153,0.000000,0.000000)
(4.5,0.0,0.8) = (0.251,0.749400,0.000000,0.000000)
(4.5,0.0,0.9) = (0.251,0.748850,0.000000,0.000000)
(4.5,0.0,1.0) = (0.249,0.751053,0.000000,0.000000)
(4.5,0.1,0.0) = (0.000,0.111981,0.438242,0.449778)
(4.5,0.1,0.1) = (0.000,0.144289,0.378117,0.477594)
(4.5,0.1,0.2) = (0.246,0.744108,0.010250,0.000000)
(4.5,0.1,0.3) = (0.250,0.749678,0.000000,0.000000)
(4.5,0.1,0.4) = (0.251,0.749281,0.000000,0.000000)
(4.5,0.1,0.5) = (0.247,0.752561,0.000000,0.000000)
(4.5,0.1,0.6) = (0.251,0.749003,0.000000,0.000000)
(4.5,0.1,0.7) = (0.251,0.749181,0.000000,0.000000)
(4.5,0.1,0.8) = (0.249,0.751056,0.000000,0.000000)
(4.5,0.1,0.9) = (0.253,0.747475,0.000000,0.000000)
(4.5,0.1,1.0) = (0.251,0.748606,0.000000,0.000000)
(4.5,0.2,0.0) = (0.000,0.196450,0.393592,0.409958)
(4.5,0.2,0.1) = (0.000,0.196736,0.375183,0.428081)
(4.5,0.2,0.2) = (0.000,0.284025,0.461292,0.254683)
(4.5,0.2,0.3) = (0.000,0.358919,0.320706,0.320375)
(4.5,0.2,0.4) = (0.253,0.747108,0.000000,0.000000)
(4.5,0.2,0.5) = (0.248,0.752131,0.000000,0.000000)
(4.5,0.2,0.6) = (0.249,0.751072,0.000000,0.000000)
(4.5,0.2,0.7) = (0.251,0.749236,0.000000,0.000000)
(4.5,0.2,0.8) = (0.252,0.748450,0.000000,0.000000)
(4.5,0.2,0.9) = (0.249,0.751111,0.000000,0.000000)
(4.5,0.2,1.0) = (0.251,0.749425,0.000000,0.000000)
(4.5,0.3,0.0) = (0.000,0.249417,0.409828,0.340756)
(4.5,0.3,0.1) = (0.000,0.361939,0.327847,0.310214)
(4.5,0.3,0.2) = (0.000,0.359875,0.335325,0.304800)
(4.5,0.3,0.3) = (0.000,0.439253,0.305761,0.254986)
(4.5,0.3,0.4) = (0.001,0.430717,0.270219,0.298217)
(4.5,0.3,0.5) = (0.006,0.385097,0.401175,0.207539)
(4.5,0.3,0.6) = (0.250,0.750064,0.000000,0.000000)
(4.5,0.3,0.7) = (0.250,0.749597,0.000000,0.000000)
(4.5,0.3,0.8) = (0.252,0.747769,0.000000,0.000000)
(4.5,0.3,0.9) = (0.251,0.749336,0.000000,0.000000)
(4.5,0.3,1.0) = (0.249,0.751411,0.000000,0.000000)
(4.5,0.4,0.0) = (0.000,0.305417,0.380242,0.314342)
(4.5,0.4,0.1) = (0.000,0.302828,0.357108,0.340064)
(4.5,0.4,0.2) = (0.000,0.314114,0.331167,0.354719)
(4.5,0.4,0.3) = (0.000,0.439025,0.304025,0.256950)
(4.5,0.4,0.4) = (0.000,0.460742,0.265667,0.273592)
(4.5,0.4,0.5) = (0.000,0.479603,0.310611,0.209786)
(4.5,0.4,0.6) = (0.001,0.436186,0.356711,0.206203)
(4.5,0.4,0.7) = (0.120,0.643389,0.175433,0.060906)
(4.5,0.4,0.8) = (0.251,0.749483,0.000000,0.000000)
(4.5,0.4,0.9) = (0.250,0.749547,0.000000,0.000000)
(4.5,0.4,1.0) = (0.253,0.747383,0.000000,0.000000)
(4.5,0.5,0.0) = (0.000,0.316294,0.281561,0.402144)
(4.5,0.5,0.1) = (0.000,0.416639,0.293572,0.289789)
(4.5,0.5,0.2) = (0.000,0.346231,0.359575,0.294194)
(4.5,0.5,0.3) = (0.000,0.397192,0.313056,0.289753)
(4.5,0.5,0.4) = (0.000,0.415806,0.285336,0.298858)
(4.5,0.5,0.5) = (0.000,0.477211,0.267964,0.254825)
(4.5,0.5,0.6) = (0.000,0.424525,0.348208,0.227267)
(4.5,0.5,0.7) = (0.000,0.412706,0.339367,0.247928)
(4.5,0.5,0.8) = (0.006,0.412353,0.378058,0.203667)
(4.5,0.5,0.9) = (0.133,0.654167,0.112433,0.100500)
(4.5,0.5,1.0) = (0.244,0.750686,0.000000,0.005117)
(4.5,0.6,0.0) = (0.000,0.336056,0.363983,0.299961)
(4.5,0.6,0.1) = (0.000,0.291797,0.288475,0.419728)
(4.5,0.6,0.2) = (0.000,0.363400,0.337978,0.298622)
(4.5,0.6,0.3) = (0.000,0.376814,0.353033,0.270153)
(4.5,0.6,0.4) = (0.000,0.431675,0.290850,0.277475)
(4.5,0.6,0.5) = (0.000,0.456342,0.273667,0.269992)
(4.5,0.6,0.6) = (0.000,0.546314,0.201358,0.252328)
(4.5,0.6,0.7) = (0.000,0.563833,0.208392,0.227775)
(4.5,0.6,0.8) = (0.000,0.466464,0.300125,0.233411)
(4.5,0.6,0.9) = (0.002,0.492347,0.268017,0.237525)
(4.5,0.6,1.0) = (0.008,0.445114,0.280858,0.265758)
(4.5,0.7,0.0) = (0.000,0.325631,0.325983,0.348386)
(4.5,0.7,0.1) = (0.000,0.388711,0.309847,0.301442)
(4.5,0.7,0.2) = (0.000,0.451417,0.247989,0.300594)
(4.5,0.7,0.3) = (0.000,0.347219,0.302564,0.350217)
(4.5,0.7,0.4) = (0.000,0.431289,0.310208,0.258503)
(4.5,0.7,0.5) = (0.000,0.444828,0.255025,0.300147)
(4.5,0.7,0.6) = (0.000,0.499444,0.227461,0.273094)
(4.5,0.7,0.7) = (0.000,0.601436,0.232458,0.166106)
(4.5,0.7,0.8) = (0.000,0.519689,0.256983,0.223328)
(4.5,0.7,0.9) = (0.002,0.561836,0.241619,0.194725)
(4.5,0.7,1.0) = (0.000,0.448236,0.288539,0.263225)
(4.5,0.8,0.0) = (0.000,0.349236,0.379297,0.271467)
(4.5,0.8,0.1) = (0.000,0.388247,0.262508,0.349244)
(4.5,0.8,0.2) = (0.000,0.428653,0.286733,0.284614)
(4.5,0.8,0.3) = (0.000,0.396047,0.265983,0.337969)
(4.5,0.8,0.4) = (0.000,0.519067,0.269675,0.211258)
(4.5,0.8,0.5) = (0.000,0.459206,0.250250,0.290544)
(4.5,0.8,0.6) = (0.000,0.509842,0.346808,0.143350)
(4.5,0.8,0.7) = (0.000,0.560128,0.239869,0.200003)
(4.5,0.8,0.8) = (0.000,0.566900,0.213125,0.219975)
(4.5,0.8,0.9) = (0.000,0.535128,0.260339,0.204533)
(4.5,0.8,1.0) = (0.001,0.472506,0.330078,0.196269)
(4.5,0.9,0.0) = (0.000,0.288181,0.424831,0.286989)
(4.5,0.9,0.1) = (0.000,0.369692,0.306681,0.323628)
(4.5,0.9,0.2) = (0.000,0.397978,0.322806,0.279217)
(4.5,0.9,0.3) = (0.000,0.407122,0.339033,0.253844)
(4.5,0.9,0.4) = (0.000,0.457728,0.253139,0.289133)
(4.5,0.9,0.5) = (0.000,0.472814,0.283742,0.243444)
(4.5,0.9,0.6) = (0.000,0.538856,0.200469,0.260675)
(4.5,0.9,0.7) = (0.000,0.498369,0.237669,0.263961)
(4.5,0.9,0.8) = (0.000,0.571308,0.244397,0.184294)
(4.5,0.9,0.9) = (0.000,0.561942,0.232397,0.205661)
(4.5,0.9,1.0) = (0.000,0.587292,0.183439,0.229269)
(4.5,1.0,0.0) = (0.000,0.380472,0.324708,0.294819)
(4.5,1.0,0.1) = (0.000,0.443042,0.259131,0.297828)
(4.5,1.0,0.2) = (0.000,0.395583,0.313469,0.290947)
(4.5,1.0,0.3) = (0.000,0.361736,0.275481,0.362783)
(4.5,1.0,0.4) = (0.000,0.461336,0.272128,0.266536)
(4.5,1.0,0.5) = (0.000,0.533656,0.204061,0.262283)
(4.5,1.0,0.6) = (0.000,0.437194,0.318928,0.243878)
(4.5,1.0,0.7) = (0.000,0.509489,0.259153,0.231358)
(4.5,1.0,0.8) = (0.000,0.511528,0.271136,0.217336)
(4.5,1.0,0.9) = (0.000,0.478281,0.227731,0.293989)
(4.5,1.0,1.0) = (0.000,0.539450,0.250172,0.210378)
(5.0,0.0,0.0) = (0.068,0.270728,0.376572,0.284567)
(5.0,0.0,0.1) = (0.070,0.929631,0.000000,0.000000)
(5.0,0.0,0.2) = (0.068,0.931828,0.000000,0.000000)
(5.0,0.0,0.3) = (0.069,0.931397,0.000000,0.000000)
(5.0,0.0,0.4) = (0.071,0.929258,0.000000,0.000000)
(5.0,0.0,0.5) = (0.071,0.929133,0.000000,0.000000)
(5.0,0.0,0.6) = (0.069,0.930944,0.000000,0.000000)
(5.0,0.0,0.7) = (0.070,0.930367,0.000000,0.000000)
(5.0,0.0,0.8) = (0.069,0.930603,0.000000,0.000000)
(5.0,0.0,0.9) = (0.068,0.931914,0.000000,0.000000)
(5.0,0.0,1.0) = (0.071,0.928600,0.000000,0.000000)
(5.0,0.1,0.0) = (0.000,0.182819,0.477942,0.339239)
(5.0,0.1,0.1) = (0.000,0.328272,0.327917,0.343811)
(5.0,0.1,0.2) = (0.020,0.630792,0.227642,0.121692)
(5.0,0.1,0.3) = (0.068,0.931897,0.000000,0.000000)
(5.0,0.1,0.4) = (0.068,0.931750,0.000000,0.000000)
(5.0,0.1,0.5) = (0.070,0.930236,0.000000,0.000000)
(5.0,0.1,0.6) = (0.070,0.929956,0.000000,0.000000)
(5.0,0.1,0.7) = (0.070,0.930428,0.000000,0.000000)
(5.0,0.1,0.8) = (0.072,0.928331,0.000000,0.000000)
(5.0,0.1,0.9) = (0.068,0.932319,0.000000,0.000000)
(5.0,0.1,1.0) = (0.071,0.929350,0.000000,0.000000)
(5.0,0.2,0.0) = (0.000,0.292128,0.338525,0.369347)
(5.0,0.2,0.1) = (0.000,0.322978,0.373908,0.303114)
(5.0,0.2,0.2) = (0.000,0.316997,0.368378,0.314625)
(5.0,0.2,0.3) = (0.000,0.448781,0.283069,0.268150)
(5.0,0.2,0.4) = (0.023,0.748511,0.155739,0.072683)
(5.0,0.2,0.5) = (0.069,0.931456,0.000000,0.000000)
(5.0,0.2,0.6) = (0.073,0.927294,0.000000,0.000000)
(5.0,0.2,0.7) = (0.071,0.929344,0.000000,0.000000)
(5.0,0.2,0.8) = (0.070,0.929586,0.000000,0.000000)
(5.0,0.2,0.9) = (0.070,0.929753,0.000000,0.000000)
(5.0,0.2,1.0) = (0.070,0.930458,0.000000,0.000000)
(5.0,0.3,0.0) = (0.000,0.282797,0.379947,0.337256)
(5.0,0.3,0.1) = (0.000,0.272944,0.341492,0.385564)
(5.0,0.3,0.2) = (0.000,0.325750,0.310342,0.363908)
(5.0,0.3,0.3) = (0.000,0.470347,0.264239,0.265414)
(5.0,0.3,0.4) = (0.000,0.568797,0.209247,0.221956)
(5.0,0.3,0.5) = (0.001,0.587161,0.254233,0.157669)
(5.0,0.3,0.6) = (0.023,0.765606,0.110431,0.100500)
(5.0,0.3,0.7) = (0.064,0.918578,0.001542,0.015539)
(5.0,0.3,0.8) = (0.071,0.929197,0.000058,0.000000)
(5.0,0.3,0.9) = (0.070,0.929989,0.000000,0.000000)
(5.0,0.3,1.0) = (0.070,0.930278,0.000000,0.000000)
(5.0,0.4,0.0) = (0.000,0.296719,0.296811,0.406469)
(5.0,0.4,0.1) = (0.000,0.322803,0.351642,0.325556)
(5.0,0.4,0.2) = (0.000,0.356256,0.361797,0.281947)
(5.0,0.4,0.3) = (0.000,0.490969,0.246456,0.262575)
(5.0,0.4,0.4) = (0.000,0.448661,0.237853,0.313486)
(5.0,0.4,0.5) = (0.000,0.529094,0.235472,0.235433)
(5.0,0.4,0.6) = (0.000,0.609475,0.202783,0.187742)
(5.0,0.4,0.7) = (0.011,0.699989,0.197989,0.091050)
(5.0,0.4,0.8) = (0.018,0.746794,0.111008,0.123864)
(5.0,0.4,0.9) = (0.049,0.880989,0.036008,0.033758)
(5.0,0.4,1.0) = (0.062,0.914231,0.006472,0.017692)
(5.0,0.5,0.0) = (0.000,0.337186,0.328494,0.334319)
(5.0,0.5,0.1) = (0.000,0.320308,0.362569,0.317122)
(5.0,0.5,0.2) = (0.000,0.380083,0.325717,0.294200)
(5.0,0.5,0.3) = (0.000,0.402794,0.265219,0.331986)
(5.0,0.5,0.4) = (0.000,0.470933,0.191842,0.337225)
(5.0,0.5,0.5) = (0.000,0.463711,0.295517,0.240772)
(5.0,0.5,0.6) = (0.000,0.522922,0.266764,0.210314)
(5.0,0.5,0.7) = (0.000,0.567036,0.215386,0.217578)
(5.0,0.5,0.8) = (0.002,0.714522,0.170642,0.113006)
(5.0,0.5,0.9) = (0.005,0.721356,0.123567,0.149656)
(5.0,0.5,1.0) = (0.011,0.726092,0.157136,0.105594)
(5.0,0.6,0.0) = (0.000,0.306225,0.289814,0.403961)
(5.0,0.6,0.1) = (0.000,0.342819,0.324267,0.332914)
(5.0,0.6,0.2) = (0.000,0.384564,0.375033,0.240403)
(5.0,0.6,0.3) = (0.000,0.456242,0.309628,0.234131)
(5.0,0.6,0.4) = (0.000,0.427369,0.261725,0.310906)
(5.0,0.6,0.5) = (0.000,0.588925,0.210731,0.200344)
(5.0,0.6,0.6) = (0.000,0.520703,0.263172,0.216125)
(5.0,0.6,0.7) = (0.000,0.580114,0.212339,0.207547)
(5.0,0.6,0.8) = (0.000,0.556144,0.217833,0.226022)
(5.0,0.6,0.9) = (0.000,0.595958,0.182056,0.221986)
(5.0,0.6,1.0) = (0.002,0.646294,0.171414,0.180192)
(5.0,0.7,0.0) = (0.000,0.361122,0.278606,0.360272)
(5.0,0.7,0.1) = (0.000,0.369953,0.319825,0.310222)
(5.0,0.7,0.2) = (0.000,0.434100,0.269508,0.296392)
(5.0,0.7,0.3) = (0.000,0.403156,0.334447,0.262397)
(5.0,0.7,0.4) = (0.000,0.493689,0.211939,0.294372)
(5.0,0.7,0.5) = (0.000,0.491467,0.196036,0.312497)
(5.0,0.7,0.6) = (0.000,0.571958,0.225342,0.202700)
(5.0,0.7,0.7) = (0.000,0.471589,0.269242,0.259169)
(5.0,0.7,0.8) = (0.000,0.615203,0.234314,0.150483)
(5.0,0.7,0.9) = (0.000,0.536647,0.262858,0.200169)
(5.0,0.7,1.0) = (0.000,0.658281,0.174814,0.166906)
(5.0,0.8,0.0) = (0.000,0.348467,0.352903,0.298631)
(5.0,0.8,0.1) = (0.000,0.400011,0.324472,0.275517)
(5.0,0.8,0.2) = (0.000,0.490597,0.243200,0.266203)
(5.0,0.8,0.3) = (0.000,0.431867,0.343506,0.224628)
(5.0,0.8,0.4) = (0.000,0.458644,0.258219,0.283136)
(5.0,0.8,0.5) = (0.000,0.446503,0.266222,0.287275)
(5.0,0.8,0.6) = (0.000,0.474436,0.330753,0.194811)
(5.0,0.8,0.7) = (0.000,0.485039,0.263086,0.251875)
(5.0,0.8,0.8) = (0.000,0.446342,0.368336,0.185322)
(5.0,0.8,0.9) = (0.000,0.570258,0.191939,0.237803)
(5.0,0.8,1.0) = (0.000,0.656764,0.192092,0.151144)
(5.0,0.9,0.0) = (0.000,0.240122,0.396017,0.363861)
(5.0,0.9,0.1) = (0.000,0.331394,0.329047,0.339558)
(5.0,0.9,0.2) = (0.000,0.403503,0.346606,0.249892)
(5.0,0.9,0.3) = (0.000,0.386492,0.234778,0.378731)
(5.0,0.9,0.4) = (0.000,0.373742,0.243956,0.382303)
(5.0,0.9,0.5) = (0.000,0.476275,0.306542,0.217183)
(5.0,0.9,0.6) = (0.000,0.483094,0.222383,0.294522)
(5.0,0.9,0.7) = (0.000,0.500106,0.279047,0.220847)
(5.0,0.9,0.8) = (0.000,0.442306,0.279358,0.278336)
(5.0,0.9,0.9) = (0.000,0.547797,0.216675,0.235528)
(5.0,0.9,1.0) = (0.000,0.523792,0.252347,0.223861)
(5.0,1.0,0.0) = (0.000,0.340486,0.281742,0.377772)
(5.0,1.0,0.1) = (0.000,0.265639,0.358956,0.375406)
(5.0,1.0,0.2) = (0.000,0.329714,0.326167,0.344119)
(5.0,1.0,0.3) = (0.000,0.316842,0.302350,0.380808)
(5.0,1.0,0.4) = (0.000,0.429317,0.253819,0.316864)
(5.0,1.0,0.5) = (0.000,0.450175,0.287167,0.262658)
(5.0,1.0,0.6) = (0.000,0.476053,0.284325,0.239622)
(5.0,1.0,0.7) = (0.000,0.552561,0.267119,0.180319)
(5.0,1.0,0.8) = (0.000,0.512264,0.212175,0.275561)
(5.0,1.0,0.9) = (0.000,0.504267,0.185064,0.310669)
(5.0,1.0,1.0) = (0.000,0.562403,0.204717,0.232881)
