000000 0.250 0.249488 0.250322 0.250355
000100 0.844 0.035148 0.051803 0.068851
000200 0.869 0.023810 0.026859 0.080234
000300 0.830 0.023341 0.024917 0.122057
000400 0.755 0.027514 0.028345 0.189362
000500 0.659 0.033761 0.031949 0.275319
000600 0.564 0.040585 0.036298 0.359394
000700 0.478 0.047239 0.039499 0.434771
000800 0.408 0.053638 0.042409 0.495548
000900 0.354 0.058613 0.045551 0.542130
001000 0.308 0.061217 0.047381 0.583306
001100 0.270 0.064864 0.049360 0.615767
001200 0.241 0.067010 0.054205 0.637569
001300 0.216 0.069148 0.057356 0.657328
001400 0.196 0.071106 0.058731 0.674553
001500 0.182 0.071878 0.060178 0.686249
001600 0.167 0.072403 0.062990 0.697652
001700 0.154 0.071983 0.065476 0.708585
001800 0.141 0.071170 0.066990 0.720404
001900 0.130 0.071864 0.067105 0.731095
002000 0.121 0.072718 0.068244 0.737991
002100 0.114 0.070953 0.068760 0.746494
002200 0.108 0.071110 0.069063 0.751498
002300 0.099 0.071450 0.070383 0.759381
002400 0.093 0.070380 0.070674 0.765710
002500 0.087 0.070053 0.071911 0.771001
002600 0.082 0.069609 0.074007 0.773892
002700 0.078 0.070462 0.074917 0.776732
002800 0.073 0.067754 0.075501 0.784050
002900 0.067 0.067967 0.077047 0.787711
003000 0.061 0.068449 0.076817 0.794174
003100 0.055 0.067199 0.077785 0.799877
003200 0.052 0.067906 0.078830 0.801727
003300 0.049 0.067196 0.080042 0.804006
003400 0.046 0.068377 0.078388 0.807567
003500 0.043 0.067674 0.079525 0.809324
003600 0.041 0.067858 0.079569 0.811515
003700 0.040 0.067982 0.080624 0.811499
003800 0.037 0.067326 0.081477 0.814419
003900 0.034 0.065596 0.082189 0.817872
004000 0.033 0.066376 0.081028 0.820052
004100 0.031 0.065467 0.080239 0.823146
004200 0.029 0.066162 0.079763 0.824844
004300 0.026 0.064656 0.078968 0.829965
004400 0.024 0.066256 0.079685 0.829645
004500 0.022 0.065124 0.078564 0.834172
004600 0.020 0.066258 0.079218 0.834874
004700 0.019 0.067667 0.080714 0.832625
004800 0.018 0.069213 0.081804 0.830905
004900 0.018 0.067969 0.082285 0.831848
005000 0.017 0.067460 0.082649 0.833033
005100 0.015 0.069644 0.080426 0.835250
005200 0.014 0.068588 0.079940 0.837228
005300 0.014 0.069045 0.079320 0.837546
005400 0.013 0.069274 0.078275 0.839648
005500 0.013 0.068937 0.076510 0.842038
005600 0.013 0.068258 0.077184 0.842028
005700 0.012 0.065715 0.078614 0.843244
005800 0.011 0.065674 0.079607 0.843675
005900 0.010 0.067154 0.080250 0.842387
006000 0.010 0.067020 0.082226 0.840704
006100 0.010 0.067724 0.081349 0.841394
006200 0.009 0.068043 0.079343 0.843795
006300 0.008 0.070067 0.080626 0.841138
006400 0.008 0.069622 0.082679 0.839932
006500 0.007 0.069285 0.083683 0.839692
006600 0.007 0.066853 0.085122 0.841295
006700 0.006 0.068868 0.086336 0.839141
006800 0.005 0.066880 0.087331 0.840646
006900 0.005 0.068858 0.088340 0.838151
007000 0.004 0.069294 0.087026 0.839424
007100 0.003 0.070532 0.085184 0.840847
007200 0.003 0.071278 0.085921 0.839597
007300 0.003 0.071191 0.084851 0.840765
007400 0.003 0.071108 0.083924 0.841528
007500 0.003 0.070955 0.082215 0.843793
007600 0.003 0.071236 0.081874 0.843948
007700 0.003 0.071272 0.082312 0.843324
007800 0.003 0.071740 0.083640 0.841499
007900 0.003 0.072178 0.081369 0.843763
008000 0.002 0.071705 0.082662 0.843333
008100 0.002 0.071967 0.080562 0.845137
008200 0.003 0.071605 0.079945 0.845926
008300 0.002 0.071397 0.079134 0.847412
008400 0.002 0.070798 0.078503 0.848403
008500 0.002 0.071644 0.077001 0.849141
008600 0.002 0.071264 0.077942 0.848729
008700 0.002 0.070838 0.076084 0.851122
008800 0.002 0.069452 0.076021 0.852621
008900 0.002 0.068351 0.077027 0.852719
009000 0.002 0.069440 0.077683 0.851196
009100 0.002 0.069167 0.077126 0.852000
009200 0.002 0.069572 0.076199 0.852585
009300 0.002 0.068436 0.077972 0.852030
009400 0.001 0.070226 0.077339 0.851165
009500 0.001 0.070444 0.077250 0.851276
009600 0.001 0.071721 0.075499 0.851825
009700 0.001 0.071985 0.074721 0.852467
009800 0.001 0.072928 0.073711 0.852610
009900 0.001 0.072047 0.072990 0.854306
010000 0.001 0.072983 0.073853 0.852608
010100 0.000 0.072390 0.074360 0.852778
010200 0.000 0.073405 0.074235 0.852010
010300 0.000 0.074076 0.074072 0.851590
010400 0.000 0.074331 0.073664 0.851780
010500 0.000 0.072510 0.073879 0.853321
010600 0.000 0.073217 0.072790 0.853828
010700 0.000 0.075211 0.072506 0.852046
010800 0.000 0.074461 0.072078 0.853256
010900 0.000 0.075513 0.070999 0.853325
011000 0.000 0.074462 0.070488 0.854878
011100 0.000 0.075095 0.071327 0.853458
011200 0.000 0.075742 0.070276 0.853883
011300 0.000 0.074810 0.070660 0.854457
011400 0.000 0.075137 0.071249 0.853592
011500 0.000 0.074590 0.070986 0.854365
011600 0.000 0.073506 0.072566 0.853827
011700 0.000 0.072524 0.071299 0.856136
011800 0.000 0.071733 0.071060 0.857169
011900 0.000 0.071642 0.071640 0.856679
012000 0.000 0.073146 0.071508 0.855313
012100 0.000 0.072965 0.073146 0.853888
012200 0.000 0.072699 0.071727 0.855574
012300 0.000 0.071904 0.069733 0.858363
012400 0.000 0.072858 0.069255 0.857888
012500 0.000 0.072947 0.069686 0.857367
012600 0.000 0.071618 0.069684 0.858698
012700 0.000 0.072806 0.070581 0.856613
012800 0.000 0.073841 0.069187 0.856972
012900 0.000 0.075257 0.068859 0.855884
013000 0.000 0.074183 0.067659 0.858158
013100 0.000 0.073569 0.066593 0.859838
013200 0.000 0.072449 0.067301 0.860251
013300 0.000 0.072890 0.068091 0.859019
013400 0.000 0.073726 0.068523 0.857751
013500 0.000 0.073211 0.070445 0.856344
013600 0.000 0.073329 0.069934 0.856737
013700 0.000 0.071582 0.068854 0.859564
013800 0.000 0.072192 0.068420 0.859388
013900 0.000 0.073638 0.067693 0.858669
014000 0.000 0.072872 0.068306 0.858823
014100 0.000 0.073436 0.068278 0.858285
014200 0.000 0.073678 0.067951 0.858371
014300 0.000 0.071908 0.068152 0.859940
014400 0.000 0.072762 0.067410 0.859827
014500 0.000 0.071454 0.067273 0.861273
014600 0.000 0.071396 0.068456 0.860149
014700 0.000 0.072385 0.069170 0.858444
014800 0.000 0.072506 0.069404 0.858090
014900 0.000 0.071751 0.069949 0.858300
015000 0.000 0.074442 0.070951 0.854607
015100 0.000 0.074800 0.069651 0.855549
015200 0.000 0.074908 0.068871 0.856222
015300 0.000 0.071281 0.070987 0.857732
015400 0.000 0.068377 0.070249 0.861374
015500 0.000 0.067153 0.069490 0.863358
015600 0.000 0.065985 0.070899 0.863116
015700 0.000 0.064835 0.072115 0.863049
015800 0.000 0.064560 0.072647 0.862792
015900 0.000 0.065694 0.073962 0.860344
016000 0.000 0.066928 0.073285 0.859786
016100 0.000 0.067247 0.072024 0.860728
016200 0.000 0.066572 0.072565 0.860862
016300 0.000 0.066576 0.072154 0.861269
016400 0.000 0.067451 0.073937 0.858612
016500 0.000 0.068749 0.073116 0.858135
016600 0.000 0.067624 0.072610 0.859767
016700 0.000 0.066156 0.073838 0.860006
016800 0.000 0.068317 0.076408 0.855275
016900 0.000 0.067823 0.076176 0.856001
017000 0.000 0.068665 0.076382 0.854953
017100 0.000 0.068557 0.076187 0.855256
017200 0.000 0.068520 0.075768 0.855712
017300 0.000 0.069994 0.078160 0.851846
017400 0.000 0.069309 0.076415 0.854276
017500 0.000 0.070672 0.073646 0.855682
017600 0.000 0.071191 0.074524 0.854285
017700 0.000 0.072653 0.074269 0.853078
017800 0.000 0.073121 0.074322 0.852557
017900 0.000 0.073652 0.075588 0.850760
018000 0.000 0.073258 0.075970 0.850772
018100 0.000 0.073817 0.076306 0.849877
018200 0.000 0.074406 0.077515 0.848079
018300 0.000 0.075033 0.077567 0.847400
018400 0.000 0.077657 0.078685 0.843658
018500 0.000 0.077577 0.079070 0.843353
018600 0.000 0.079420 0.079708 0.840872
018700 0.000 0.081290 0.079947 0.838762
018800 0.000 0.081030 0.080324 0.838646
018900 0.000 0.080456 0.078851 0.840694
019000 0.000 0.079713 0.080366 0.839922
019100 0.000 0.081693 0.082068 0.836239
019200 0.000 0.083033 0.083067 0.833900
019300 0.000 0.081265 0.082687 0.836049
019400 0.000 0.080892 0.082161 0.836947
019500 0.000 0.080094 0.083585 0.836321
019600 0.000 0.081179 0.082818 0.836003
019700 0.000 0.080985 0.083805 0.835210
019800 0.000 0.080824 0.084037 0.835139
019900 0.000 0.079744 0.083770 0.836485
020000 0.000 0.078460 0.083340 0.838200
020100 0.000 0.077256 0.083557 0.839187
020200 0.000 0.075643 0.083951 0.840406
020300 0.000 0.074134 0.084496 0.841370
020400 0.000 0.072774 0.083270 0.843956
020500 0.000 0.073282 0.084245 0.842473
020600 0.000 0.073767 0.084189 0.842044
020700 0.000 0.075425 0.084376 0.840199
020800 0.000 0.074520 0.084135 0.841344
020900 0.000 0.075958 0.083774 0.840267
021000 0.000 0.077315 0.082435 0.840251
021100 0.000 0.077427 0.080548 0.842025
021200 0.000 0.078430 0.079085 0.842485
021300 0.000 0.077865 0.079908 0.842226
021400 0.000 0.079024 0.078264 0.842712
021500 0.000 0.080714 0.077926 0.841360
021600 0.000 0.082110 0.077712 0.840178
021700 0.000 0.079970 0.079514 0.840516
021800 0.000 0.079010 0.081119 0.839871
021900 0.000 0.077702 0.080779 0.841519
022000 0.000 0.077473 0.078988 0.843540
022100 0.000 0.077356 0.080690 0.841955
022200 0.000 0.078842 0.079449 0.841709
022300 0.000 0.079240 0.079819 0.840941
022400 0.000 0.080280 0.080551 0.839169
022500 0.000 0.080328 0.080492 0.839179
022600 0.000 0.077297 0.079393 0.843310
022700 0.000 0.081075 0.080811 0.838114
022800 0.000 0.080722 0.080774 0.838504
022900 0.000 0.080748 0.080239 0.839013
023000 0.000 0.081243 0.080486 0.838271
023100 0.000 0.082947 0.081416 0.835638
023200 0.000 0.082345 0.081931 0.835724
023300 0.000 0.082374 0.082491 0.835135
023400 0.000 0.082702 0.083882 0.833416
023500 0.000 0.081485 0.082581 0.835933
023600 0.000 0.081128 0.084488 0.834384
023700 0.000 0.078757 0.085172 0.836071
023800 0.000 0.079672 0.086067 0.834262
023900 0.000 0.079105 0.085338 0.835557
024000 0.000 0.080593 0.084587 0.834819
024100 0.000 0.077251 0.084195 0.838553
024200 0.000 0.076931 0.084663 0.838406
024300 0.000 0.077552 0.085076 0.837372
024400 0.000 0.077522 0.085372 0.837106
024500 0.000 0.078403 0.084959 0.836638
024600 0.000 0.081727 0.085241 0.833032
024700 0.000 0.081238 0.084240 0.834522
024800 0.000 0.080424 0.083121 0.836456
024900 0.000 0.080560 0.082943 0.836497
025000 0.000 0.079281 0.083388 0.837331
025100 0.000 0.080428 0.081655 0.837917
025200 0.000 0.077675 0.080392 0.841933
025300 0.000 0.078503 0.080712 0.840785
025400 0.000 0.077718 0.079512 0.842769
025500 0.000 0.077413 0.079049 0.843538
025600 0.000 0.078040 0.078150 0.843810
025700 0.000 0.079706 0.079088 0.841206
025800 0.000 0.078504 0.078049 0.843447
025900 0.000 0.078365 0.077138 0.844497
026000 0.000 0.077350 0.075001 0.847649
026100 0.000 0.077758 0.073185 0.849056
026200 0.000 0.076431 0.074174 0.849394
026300 0.000 0.078865 0.073301 0.847834
026400 0.000 0.078735 0.074094 0.847170
026500 0.000 0.077959 0.074723 0.847318
026600 0.000 0.076255 0.076002 0.847743
026700 0.000 0.076411 0.076763 0.846826
026800 0.000 0.076131 0.077658 0.846212
026900 0.000 0.076331 0.077367 0.846302
027000 0.000 0.076689 0.078201 0.845110
027100 0.000 0.076719 0.079730 0.843551
027200 0.000 0.076153 0.079097 0.844751
027300 0.000 0.076153 0.079097 0.844751
027400 0.000 0.076153 0.079097 0.844751
027500 0.000 0.076153 0.079097 0.844751
027600 0.000 0.076153 0.079097 0.844751
027700 0.000 0.076153 0.079097 0.844751
027800 0.000 0.076153 0.079097 0.844751
027900 0.000 0.076153 0.079097 0.844751
028000 0.000 0.076153 0.079097 0.844751
028100 0.000 0.076153 0.079097 0.844751
028200 0.000 0.076153 0.079097 0.844751
028300 0.000 0.076153 0.079097 0.844751
028400 0.000 0.076153 0.079097 0.844751
028500 0.000 0.076153 0.079097 0.844751
028600 0.000 0.076153 0.079097 0.844751
028700 0.000 0.076153 0.079097 0.844751
028800 0.000 0.076153 0.079097 0.844751
028900 0.000 0.076153 0.079097 0.844751
029000 0.000 0.076153 0.079097 0.844751
029100 0.000 0.076153 0.079097 0.844751
029200 0.000 0.076153 0.079097 0.844751
029300 0.000 0.076153 0.079097 0.844751
029400 0.000 0.076153 0.079097 0.844751
029500 0.000 0.076153 0.079097 0.844751
029600 0.000 0.076153 0.079097 0.844751
029700 0.000 0.076153 0.079097 0.844751
029800 0.000 0.076153 0.079097 0.844751
029900 0.000 0.076153 0.079097 0.844751
030000 0.000 0.076153 0.079097 0.844751
030100 0.000 0.076153 0.079097 0.844751
030200 0.000 0.076153 0.079097 0.844751
030300 0.000 0.076153 0.079097 0.844751
030400 0.000 0.076153 0.079097 0.844751
030500 0.000 0.076153 0.079097 0.844751
030600 0.000 0.076153 0.079097 0.844751
030700 0.000 0.076153 0.079097 0.844751
030800 0.000 0.076153 0.079097 0.844751
030900 0.000 0.076153 0.079097 0.844751
031000 0.000 0.076153 0.079097 0.844751
031100 0.000 0.076153 0.079097 0.844751
031200 0.000 0.076153 0.079097 0.844751
031300 0.000 0.076153 0.079097 0.844751
031400 0.000 0.076153 0.079097 0.844751
031500 0.000 0.076153 0.079097 0.844751
031600 0.000 0.076153 0.079097 0.844751
031700 0.000 0.076153 0.079097 0.844751
031800 0.000 0.076153 0.079097 0.844751
031900 0.000 0.076153 0.079097 0.844751
032000 0.000 0.076153 0.079097 0.844751
032100 0.000 0.076153 0.079097 0.844751
032200 0.000 0.076153 0.079097 0.844751
032300 0.000 0.076153 0.079097 0.844751
032400 0.000 0.076153 0.079097 0.844751
032500 0.000 0.076153 0.079097 0.844751
032600 0.000 0.076153 0.079097 0.844751
032700 0.000 0.076153 0.079097 0.844751
032800 0.000 0.076153 0.079097 0.844751
032900 0.000 0.076153 0.079097 0.844751
033000 0.000 0.076153 0.079097 0.844751
033100 0.000 0.076153 0.079097 0.844751
033200 0.000 0.076153 0.079097 0.844751
033300 0.000 0.076153 0.079097 0.844751
033400 0.000 0.076153 0.079097 0.844751
033500 0.000 0.076153 0.079097 0.844751
033600 0.000 0.076153 0.079097 0.844751
033700 0.000 0.076153 0.079097 0.844751
033800 0.000 0.076153 0.079097 0.844751
033900 0.000 0.076153 0.079097 0.844751
034000 0.000 0.076153 0.079097 0.844751
034100 0.000 0.076153 0.079097 0.844751
034200 0.000 0.076153 0.079097 0.844751
034300 0.000 0.076153 0.079097 0.844751
034400 0.000 0.076153 0.079097 0.844751
034500 0.000 0.076153 0.079097 0.844751
034600 0.000 0.076153 0.079097 0.844751
034700 0.000 0.076153 0.079097 0.844751
034800 0.000 0.076153 0.079097 0.844751
034900 0.000 0.076153 0.079097 0.844751
035000 0.000 0.076153 0.079097 0.844751
035100 0.000 0.076153 0.079097 0.844751
035200 0.000 0.076153 0.079097 0.844751
035300 0.000 0.076153 0.079097 0.844751
035400 0.000 0.076153 0.079097 0.844751
035500 0.000 0.076153 0.079097 0.844751
035600 0.000 0.076153 0.079097 0.844751
035700 0.000 0.076153 0.079097 0.844751
035800 0.000 0.076153 0.079097 0.844751
035900 0.000 0.076153 0.079097 0.844751
036000 0.000 0.076153 0.079097 0.844751
036100 0.000 0.076153 0.079097 0.844751
036200 0.000 0.076153 0.079097 0.844751
036300 0.000 0.076153 0.079097 0.844751
036400 0.000 0.076153 0.079097 0.844751
036500 0.000 0.076153 0.079097 0.844751
036600 0.000 0.076153 0.079097 0.844751
036700 0.000 0.076153 0.079097 0.844751
036800 0.000 0.076153 0.079097 0.844751
036900 0.000 0.076153 0.079097 0.844751
037000 0.000 0.076153 0.079097 0.844751
037100 0.000 0.076153 0.079097 0.844751
037200 0.000 0.076153 0.079097 0.844751
037300 0.000 0.076153 0.079097 0.844751
037400 0.000 0.076153 0.079097 0.844751
037500 0.000 0.076153 0.079097 0.844751
037600 0.000 0.076153 0.079097 0.844751
037700 0.000 0.076153 0.079097 0.844751
037800 0.000 0.076153 0.079097 0.844751
037900 0.000 0.076153 0.079097 0.844751
038000 0.000 0.076153 0.079097 0.844751
038100 0.000 0.076153 0.079097 0.844751
038200 0.000 0.076153 0.079097 0.844751
038300 0.000 0.076153 0.079097 0.844751
038400 0.000 0.076153 0.079097 0.844751
038500 0.000 0.076153 0.079097 0.844751
038600 0.000 0.076153 0.079097 0.844751
038700 0.000 0.076153 0.079097 0.844751
038800 0.000 0.076153 0.079097 0.844751
038900 0.000 0.076153 0.079097 0.844751
039000 0.000 0.076153 0.079097 0.844751
039100 0.000 0.076153 0.079097 0.844751
039200 0.000 0.076153 0.079097 0.844751
039300 0.000 0.076153 0.079097 0.844751
039400 0.000 0.076153 0.079097 0.844751
039500 0.000 0.076153 0.079097 0.844751
039600 0.000 0.076153 0.079097 0.844751
039700 0.000 0.076153 0.079097 0.844751
039800 0.000 0.076153 0.079097 0.844751
039900 0.000 0.076153 0.079097 0.844751
040000 0.000 0.076153 0.079097 0.844751
040100 0.000 0.076153 0.079097 0.844751
040200 0.000 0.076153 0.079097 0.844751
040300 0.000 0.076153 0.079097 0.844751
040400 0.000 0.076153 0.079097 0.844751
040500 0.000 0.076153 0.079097 0.844751
040600 0.000 0.076153 0.079097 0.844751
040700 0.000 0.076153 0.079097 0.844751
040800 0.000 0.076153 0.079097 0.844751
040900 0.000 0.076153 0.079097 0.844751
041000 0.000 0.076153 0.079097 0.844751
041100 0.000 0.076153 0.079097 0.844751
041200 0.000 0.076153 0.079097 0.844751
041300 0.000 0.076153 0.079097 0.844751
041400 0.000 0.076153 0.079097 0.844751
041500 0.000 0.076153 0.079097 0.844751
041600 0.000 0.076153 0.079097 0.844751
041700 0.000 0.076153 0.079097 0.844751
041800 0.000 0.076153 0.079097 0.844751
041900 0.000 0.076153 0.079097 0.844751
042000 0.000 0.076153 0.079097 0.844751
042100 0.000 0.076153 0.079097 0.844751
042200 0.000 0.076153 0.079097 0.844751
042300 0.000 0.076153 0.079097 0.844751
042400 0.000 0.076153 0.079097 0.844751
042500 0.000 0.076153 0.079097 0.844751
042600 0.000 0.076153 0.079097 0.844751
042700 0.000 0.076153 0.079097 0.844751
042800 0.000 0.076153 0.079097 0.844751
042900 0.000 0.076153 0.079097 0.844751
043000 0.000 0.076153 0.079097 0.844751
043100 0.000 0.076153 0.079097 0.844751
043200 0.000 0.076153 0.079097 0.844751
043300 0.000 0.076153 0.079097 0.844751
043400 0.000 0.076153 0.079097 0.844751
043500 0.000 0.076153 0.079097 0.844751
043600 0.000 0.076153 0.079097 0.844751
043700 0.000 0.076153 0.079097 0.844751
043800 0.000 0.076153 0.079097 0.844751
043900 0.000 0.076153 0.079097 0.844751
044000 0.000 0.076153 0.079097 0.844751
044100 0.000 0.076153 0.079097 0.844751
044200 0.000 0.076153 0.079097 0.844751
044300 0.000 0.076153 0.079097 0.844751
044400 0.000 0.076153 0.079097 0.844751
044500 0.000 0.076153 0.079097 0.844751
044600 0.000 0.076153 0.079097 0.844751
044700 0.000 0.076153 0.079097 0.844751
044800 0.000 0.076153 0.079097 0.844751
044900 0.000 0.076153 0.079097 0.844751
045000 0.000 0.076153 0.079097 0.844751
045100 0.000 0.076153 0.079097 0.844751
045200 0.000 0.076153 0.079097 0.844751
045300 0.000 0.076153 0.079097 0.844751
045400 0.000 0.076153 0.079097 0.844751
045500 0.000 0.076153 0.079097 0.844751
045600 0.000 0.076153 0.079097 0.844751
045700 0.000 0.076153 0.079097 0.844751
045800 0.000 0.076153 0.079097 0.844751
045900 0.000 0.076153 0.079097 0.844751
046000 0.000 0.076153 0.079097 0.844751
046100 0.000 0.076153 0.079097 0.844751
046200 0.000 0.076153 0.079097 0.844751
046300 0.000 0.076153 0.079097 0.844751
046400 0.000 0.076153 0.079097 0.844751
046500 0.000 0.076153 0.079097 0.844751
046600 0.000 0.076153 0.079097 0.844751
046700 0.000 0.076153 0.079097 0.844751
046800 0.000 0.076153 0.079097 0.844751
046900 0.000 0.076153 0.079097 0.844751
047000 0.000 0.076153 0.079097 0.844751
047100 0.000 0.076153 0.079097 0.844751
047200 0.000 0.076153 0.079097 0.844751
047300 0.000 0.076153 0.079097 0.844751
047400 0.000 0.076153 0.079097 0.844751
047500 0.000 0.076153 0.079097 0.844751
047600 0.000 0.076153 0.079097 0.844751
047700 0.000 0.076153 0.079097 0.844751
047800 0.000 0.076153 0.079097 0.844751
047900 0.000 0.076153 0.079097 0.844751
048000 0.000 0.076153 0.079097 0.844751
048100 0.000 0.076153 0.079097 0.844751
048200 0.000 0.076153 0.079097 0.844751
048300 0.000 0.076153 0.079097 0.844751
048400 0.000 0.076153 0.079097 0.844751
048500 0.000 0.076153 0.079097 0.844751
048600 0.000 0.076153 0.079097 0.844751
048700 0.000 0.076153 0.079097 0.844751
048800 0.000 0.076153 0.079097 0.844751
048900 0.000 0.076153 0.079097 0.844751
049000 0.000 0.076153 0.079097 0.844751
049100 0.000 0.076153 0.079097 0.844751
049200 0.000 0.076153 0.079097 0.844751
049300 0.000 0.076153 0.079097 0.844751
049400 0.000 0.076153 0.079097 0.844751
049500 0.000 0.076153 0.079097 0.844751
049600 0.000 0.076153 0.079097 0.844751
049700 0.000 0.076153 0.079097 0.844751
049800 0.000 0.076153 0.079097 0.844751
049900 0.000 0.076153 0.079097 0.844751
050000 0.000 0.076153 0.079097 0.844751
