000000 0.250 0.249542 0.250283 0.249760
000100 0.472 0.124255 0.236406 0.166937
000200 0.333 0.111118 0.323445 0.232333
000300 0.180 0.113713 0.418703 0.287314
000400 0.083 0.115510 0.484787 0.316381
000500 0.032 0.110726 0.525438 0.331556
000600 0.014 0.109418 0.535957 0.340210
000700 0.006 0.104837 0.547009 0.342108
000800 0.003 0.101828 0.553800 0.341872
000900 0.001 0.101962 0.554434 0.342398
001000 0.001 0.100867 0.557017 0.341451
001100 0.000 0.102634 0.550001 0.347126
001200 0.000 0.103216 0.548922 0.347457
001300 0.001 0.099959 0.550978 0.348443
001400 0.001 0.099522 0.551997 0.347945
001500 0.000 0.099021 0.552629 0.348054
001600 0.000 0.097715 0.555981 0.346160
001700 0.000 0.097793 0.561441 0.340766
001800 0.000 0.100675 0.562277 0.337048
001900 0.000 0.102690 0.561759 0.335551
002000 0.000 0.103546 0.560070 0.336384
002100 0.000 0.103659 0.562488 0.333853
002200 0.000 0.105187 0.563691 0.331122
002300 0.000 0.103742 0.566567 0.329692
002400 0.000 0.105529 0.564130 0.330341
002500 0.000 0.107504 0.564202 0.328294
002600 0.000 0.108339 0.563586 0.328075
002700 0.000 0.109937 0.561287 0.328776
002800 0.000 0.110584 0.562039 0.327377
002900 0.000 0.113065 0.558253 0.328682
003000 0.000 0.114714 0.558325 0.326961
003100 0.000 0.113467 0.557966 0.328567
003200 0.000 0.112624 0.556463 0.330913
003300 0.000 0.114099 0.553708 0.332192
003400 0.000 0.112411 0.554404 0.333185
003500 0.000 0.112528 0.553308 0.334164
003600 0.000 0.110456 0.553346 0.336199
003700 0.000 0.112681 0.550165 0.337155
003800 0.000 0.110548 0.551150 0.338302
003900 0.000 0.110551 0.545452 0.343997
004000 0.000 0.109242 0.549996 0.340763
004100 0.000 0.108392 0.547824 0.343783
004200 0.000 0.110437 0.546694 0.342869
004300 0.000 0.108504 0.547265 0.344231
004400 0.000 0.107441 0.546311 0.346248
004500 0.000 0.106792 0.545842 0.347365
004600 0.000 0.108555 0.541242 0.350203
004700 0.000 0.108000 0.543678 0.348322
004800 0.000 0.108540 0.544676 0.346783
004900 0.000 0.108775 0.545506 0.345719
005000 0.000 0.104941 0.542584 0.352475
005100 0.000 0.105965 0.541949 0.352085
005200 0.000 0.106719 0.543801 0.349479
005300 0.000 0.107789 0.540663 0.351549
005400 0.000 0.107824 0.539169 0.353008
005500 0.000 0.108578 0.540415 0.351007
005600 0.000 0.110459 0.537193 0.352348
005700 0.000 0.110064 0.540058 0.349878
005800 0.000 0.108890 0.538069 0.353041
005900 0.000 0.110601 0.538368 0.351031
006000 0.000 0.111688 0.534144 0.354167
006100 0.000 0.114385 0.529991 0.355624
006200 0.000 0.115265 0.524458 0.360278
006300 0.000 0.112397 0.523433 0.364170
006400 0.000 0.110851 0.520984 0.368165
006500 0.000 0.109874 0.522121 0.368006
006600 0.000 0.108796 0.524085 0.367119
006700 0.000 0.110704 0.523776 0.365520
006800 0.000 0.112504 0.525037 0.362459
006900 0.000 0.110540 0.526911 0.362549
007000 0.000 0.111481 0.523835 0.364683
007100 0.000 0.113696 0.522502 0.363802
007200 0.000 0.113290 0.527390 0.359319
007300 0.000 0.113583 0.529757 0.356660
007400 0.000 0.115228 0.527988 0.356784
007500 0.000 0.115329 0.525792 0.358878
007600 0.000 0.115701 0.525347 0.358953
007700 0.000 0.114022 0.527809 0.358169
007800 0.000 0.115929 0.527653 0.356418
007900 0.000 0.116062 0.524682 0.359256
008000 0.000 0.117192 0.525514 0.357294
008100 0.000 0.117538 0.525701 0.356761
008200 0.000 0.115984 0.526419 0.357597
008300 0.000 0.115419 0.529294 0.355287
008400 0.000 0.116743 0.525590 0.357667
008500 0.000 0.118681 0.525615 0.355705
008600 0.000 0.117548 0.527749 0.354703
008700 0.000 0.116134 0.529828 0.354038
008800 0.000 0.116824 0.527296 0.355880
008900 0.000 0.117875 0.525008 0.357117
009000 0.000 0.118197 0.526039 0.355765
009100 0.000 0.116476 0.526022 0.357502
009200 0.000 0.115146 0.529599 0.355255
009300 0.000 0.114710 0.530189 0.355101
009400 0.000 0.113212 0.529806 0.356983
009500 0.000 0.114293 0.526558 0.359149
009600 0.000 0.114252 0.527737 0.358010
009700 0.000 0.113722 0.528662 0.357617
009800 0.000 0.113976 0.526519 0.359505
009900 0.000 0.114758 0.526714 0.358528
010000 0.000 0.114893 0.527469 0.357638
010100 0.000 0.115787 0.525996 0.358217
010200 0.000 0.116504 0.526091 0.357405
010300 0.000 0.115865 0.525926 0.358209
010400 0.000 0.116230 0.526572 0.357199
010500 0.000 0.116143 0.528882 0.354975
010600 0.000 0.118068 0.523743 0.358189
010700 0.000 0.118564 0.520388 0.361048
010800 0.000 0.118325 0.521080 0.360595
010900 0.000 0.121349 0.519000 0.359651
011000 0.000 0.122897 0.517346 0.359757
011100 0.000 0.121583 0.519144 0.359273
011200 0.000 0.122132 0.517376 0.360492
011300 0.000 0.121320 0.518389 0.360291
011400 0.000 0.122449 0.520858 0.356694
011500 0.000 0.123278 0.519015 0.357707
011600 0.000 0.123067 0.520049 0.356883
011700 0.000 0.120994 0.520196 0.358810
011800 0.000 0.120516 0.518474 0.361010
011900 0.000 0.121421 0.519587 0.358992
012000 0.000 0.123788 0.516635 0.359576
012100 0.000 0.124130 0.514374 0.361496
012200 0.000 0.124247 0.513023 0.362730
012300 0.000 0.127321 0.511360 0.361319
012400 0.000 0.127351 0.509603 0.363046
012500 0.000 0.125397 0.510465 0.364138
012600 0.000 0.124018 0.509944 0.366038
012700 0.000 0.125498 0.502561 0.371941
012800 0.000 0.124224 0.503612 0.372165
012900 0.000 0.125636 0.502074 0.372290
013000 0.000 0.125889 0.501917 0.372194
013100 0.000 0.129188 0.500536 0.370276
013200 0.000 0.128755 0.502860 0.368385
013300 0.000 0.128348 0.503066 0.368586
013400 0.000 0.128169 0.499732 0.372099
013500 0.000 0.129210 0.498810 0.371979
013600 0.000 0.132344 0.495194 0.372462
013700 0.000 0.133983 0.492181 0.373836
013800 0.000 0.133078 0.495749 0.371174
013900 0.000 0.133374 0.495906 0.370721
014000 0.000 0.132005 0.497873 0.370122
014100 0.000 0.131266 0.497053 0.371681
014200 0.000 0.133078 0.494252 0.372669
014300 0.000 0.130536 0.496887 0.372576
014400 0.000 0.130109 0.499890 0.370001
014500 0.000 0.129631 0.500286 0.370083
014600 0.000 0.129381 0.501534 0.369085
014700 0.000 0.128431 0.505417 0.366152
014800 0.000 0.127812 0.510974 0.361215
014900 0.000 0.127604 0.511737 0.360658
015000 0.000 0.127287 0.512510 0.360203
015100 0.000 0.127189 0.510700 0.362111
015200 0.000 0.127208 0.512199 0.360593
015300 0.000 0.127010 0.510055 0.362935
015400 0.000 0.128903 0.510395 0.360702
015500 0.000 0.128928 0.508358 0.362714
015600 0.000 0.130730 0.506585 0.362685
015700 0.000 0.129458 0.506654 0.363887
015800 0.000 0.131569 0.505231 0.363201
015900 0.000 0.133210 0.502342 0.364448
016000 0.000 0.133236 0.504006 0.362758
016100 0.000 0.130565 0.507164 0.362271
016200 0.000 0.130537 0.510183 0.359280
016300 0.000 0.129572 0.512565 0.357862
016400 0.000 0.132293 0.512524 0.355183
016500 0.000 0.133194 0.515044 0.351762
016600 0.000 0.133342 0.513617 0.353040
016700 0.000 0.133268 0.514785 0.351947
016800 0.000 0.136132 0.512595 0.351273
016900 0.000 0.132898 0.514322 0.352780
017000 0.000 0.133642 0.515876 0.350483
017100 0.000 0.134728 0.514749 0.350524
017200 0.000 0.135097 0.513149 0.351754
017300 0.000 0.136808 0.512549 0.350642
017400 0.000 0.137202 0.512228 0.350569
017500 0.000 0.137338 0.511026 0.351636
017600 0.000 0.135822 0.511821 0.352358
017700 0.000 0.135256 0.512103 0.352641
017800 0.000 0.134757 0.513892 0.351351
017900 0.000 0.132831 0.511476 0.355693
018000 0.000 0.131719 0.511852 0.356428
018100 0.000 0.133302 0.510942 0.355756
018200 0.000 0.134397 0.508889 0.356714
018300 0.000 0.133972 0.514594 0.351435
018400 0.000 0.133356 0.516731 0.349914
018500 0.000 0.134883 0.513982 0.351135
018600 0.000 0.135436 0.511445 0.353119
018700 0.000 0.134072 0.512267 0.353660
018800 0.000 0.134767 0.513312 0.351920
018900 0.000 0.133758 0.514884 0.351358
019000 0.000 0.134559 0.512392 0.353049
019100 0.000 0.133379 0.512047 0.354574
019200 0.000 0.132226 0.513553 0.354220
019300 0.000 0.131167 0.513931 0.354901
019400 0.000 0.132429 0.514373 0.353198
019500 0.000 0.132688 0.513906 0.353406
019600 0.000 0.131906 0.512628 0.355465
019700 0.000 0.135063 0.511345 0.353592
019800 0.000 0.132686 0.513160 0.354154
019900 0.000 0.135602 0.509205 0.355193
020000 0.000 0.134133 0.511466 0.354401
020100 0.000 0.138018 0.508214 0.353768
020200 0.000 0.137608 0.508205 0.354187
020300 0.000 0.138487 0.503687 0.357826
020400 0.000 0.136260 0.504107 0.359633
020500 0.000 0.138001 0.500909 0.361090
020600 0.000 0.136161 0.502544 0.361295
020700 0.000 0.137419 0.501730 0.360851
020800 0.000 0.138957 0.501709 0.359334
020900 0.000 0.137185 0.500142 0.362673
021000 0.000 0.137022 0.498442 0.364536
021100 0.000 0.135369 0.499910 0.364720
021200 0.000 0.136057 0.500514 0.363429
021300 0.000 0.137860 0.501241 0.360899
021400 0.000 0.138391 0.498384 0.363225
021500 0.000 0.137273 0.496749 0.365978
021600 0.000 0.136534 0.492919 0.370547
021700 0.000 0.136760 0.492878 0.370361
021800 0.000 0.134777 0.495812 0.369410
021900 0.000 0.132913 0.494667 0.372419
022000 0.000 0.133807 0.494341 0.371852
022100 0.000 0.132746 0.497000 0.370254
022200 0.000 0.131949 0.499635 0.368416
022300 0.000 0.130744 0.502809 0.366447
022400 0.000 0.131319 0.501924 0.366757
022500 0.000 0.130953 0.501663 0.367384
022600 0.000 0.132418 0.502320 0.365262
022700 0.000 0.135222 0.498538 0.366240
022800 0.000 0.133408 0.501433 0.365160
022900 0.000 0.133171 0.501364 0.365465
023000 0.000 0.132381 0.502868 0.364751
023100 0.000 0.133508 0.501995 0.364497
023200 0.000 0.131630 0.502806 0.365565
023300 0.000 0.133348 0.502176 0.364476
023400 0.000 0.135058 0.498426 0.366517
023500 0.000 0.133559 0.495825 0.370616
023600 0.000 0.137175 0.493627 0.369198
023700 0.000 0.138940 0.489895 0.371165
023800 0.000 0.136544 0.487050 0.376406
023900 0.000 0.134633 0.489955 0.375412
024000 0.000 0.133049 0.489668 0.377283
024100 0.000 0.131288 0.489097 0.379615
024200 0.000 0.130406 0.487972 0.381622
024300 0.000 0.128890 0.483616 0.387494
024400 0.000 0.126778 0.485008 0.388214
024500 0.000 0.125819 0.488690 0.385491
024600 0.000 0.123399 0.490522 0.386079
024700 0.000 0.121685 0.492833 0.385482
024800 0.000 0.121904 0.491158 0.386938
024900 0.000 0.121013 0.491982 0.387005
025000 0.000 0.119409 0.491356 0.389235
025100 0.000 0.119500 0.490817 0.389683
025200 0.000 0.119852 0.492006 0.388142
025300 0.000 0.122951 0.493787 0.383261
025400 0.000 0.121651 0.493873 0.384476
025500 0.000 0.121968 0.491707 0.386325
025600 0.000 0.121333 0.492378 0.386289
025700 0.000 0.121047 0.493461 0.385492
025800 0.000 0.122935 0.487855 0.389210
025900 0.000 0.122952 0.487299 0.389749
026000 0.000 0.122932 0.489251 0.387817
026100 0.000 0.125085 0.489834 0.385081
026200 0.000 0.125235 0.488361 0.386403
026300 0.000 0.126435 0.487952 0.385613
026400 0.000 0.125703 0.485308 0.388988
026500 0.000 0.126456 0.484430 0.389114
026600 0.000 0.126476 0.485190 0.388333
026700 0.000 0.127595 0.485140 0.387265
026800 0.000 0.128174 0.482497 0.389330
026900 0.000 0.127737 0.484253 0.388010
027000 0.000 0.127737 0.484253 0.388010
027100 0.000 0.127737 0.484253 0.388010
027200 0.000 0.127737 0.484253 0.388010
027300 0.000 0.127737 0.484253 0.388010
027400 0.000 0.127737 0.484253 0.388010
027500 0.000 0.127737 0.484253 0.388010
027600 0.000 0.127737 0.484253 0.388010
027700 0.000 0.127737 0.484253 0.388010
027800 0.000 0.127737 0.484253 0.388010
027900 0.000 0.127737 0.484253 0.388010
028000 0.000 0.127737 0.484253 0.388010
028100 0.000 0.127737 0.484253 0.388010
028200 0.000 0.127737 0.484253 0.388010
028300 0.000 0.127737 0.484253 0.388010
028400 0.000 0.127737 0.484253 0.388010
028500 0.000 0.127737 0.484253 0.388010
028600 0.000 0.127737 0.484253 0.388010
028700 0.000 0.127737 0.484253 0.388010
028800 0.000 0.127737 0.484253 0.388010
028900 0.000 0.127737 0.484253 0.388010
029000 0.000 0.127737 0.484253 0.388010
029100 0.000 0.127737 0.484253 0.388010
029200 0.000 0.127737 0.484253 0.388010
029300 0.000 0.127737 0.484253 0.388010
029400 0.000 0.127737 0.484253 0.388010
029500 0.000 0.127737 0.484253 0.388010
029600 0.000 0.127737 0.484253 0.388010
029700 0.000 0.127737 0.484253 0.388010
029800 0.000 0.127737 0.484253 0.388010
029900 0.000 0.127737 0.484253 0.388010
030000 0.000 0.127737 0.484253 0.388010
030100 0.000 0.127737 0.484253 0.388010
030200 0.000 0.127737 0.484253 0.388010
030300 0.000 0.127737 0.484253 0.388010
030400 0.000 0.127737 0.484253 0.388010
030500 0.000 0.127737 0.484253 0.388010
030600 0.000 0.127737 0.484253 0.388010
030700 0.000 0.127737 0.484253 0.388010
030800 0.000 0.127737 0.484253 0.388010
030900 0.000 0.127737 0.484253 0.388010
031000 0.000 0.127737 0.484253 0.388010
031100 0.000 0.127737 0.484253 0.388010
031200 0.000 0.127737 0.484253 0.388010
031300 0.000 0.127737 0.484253 0.388010
031400 0.000 0.127737 0.484253 0.388010
031500 0.000 0.127737 0.484253 0.388010
031600 0.000 0.127737 0.484253 0.388010
031700 0.000 0.127737 0.484253 0.388010
031800 0.000 0.127737 0.484253 0.388010
031900 0.000 0.127737 0.484253 0.388010
032000 0.000 0.127737 0.484253 0.388010
032100 0.000 0.127737 0.484253 0.388010
032200 0.000 0.127737 0.484253 0.388010
032300 0.000 0.127737 0.484253 0.388010
032400 0.000 0.127737 0.484253 0.388010
032500 0.000 0.127737 0.484253 0.388010
032600 0.000 0.127737 0.484253 0.388010
032700 0.000 0.127737 0.484253 0.388010
032800 0.000 0.127737 0.484253 0.388010
032900 0.000 0.127737 0.484253 0.388010
033000 0.000 0.127737 0.484253 0.388010
033100 0.000 0.127737 0.484253 0.388010
033200 0.000 0.127737 0.484253 0.388010
033300 0.000 0.127737 0.484253 0.388010
033400 0.000 0.127737 0.484253 0.388010
033500 0.000 0.127737 0.484253 0.388010
033600 0.000 0.127737 0.484253 0.388010
033700 0.000 0.127737 0.484253 0.388010
033800 0.000 0.127737 0.484253 0.388010
033900 0.000 0.127737 0.484253 0.388010
034000 0.000 0.127737 0.484253 0.388010
034100 0.000 0.127737 0.484253 0.388010
034200 0.000 0.127737 0.484253 0.388010
034300 0.000 0.127737 0.484253 0.388010
034400 0.000 0.127737 0.484253 0.388010
034500 0.000 0.127737 0.484253 0.388010
034600 0.000 0.127737 0.484253 0.388010
034700 0.000 0.127737 0.484253 0.388010
034800 0.000 0.127737 0.484253 0.388010
034900 0.000 0.127737 0.484253 0.388010
035000 0.000 0.127737 0.484253 0.388010
035100 0.000 0.127737 0.484253 0.388010
035200 0.000 0.127737 0.484253 0.388010
035300 0.000 0.127737 0.484253 0.388010
035400 0.000 0.127737 0.484253 0.388010
035500 0.000 0.127737 0.484253 0.388010
035600 0.000 0.127737 0.484253 0.388010
035700 0.000 0.127737 0.484253 0.388010
035800 0.000 0.127737 0.484253 0.388010
035900 0.000 0.127737 0.484253 0.388010
036000 0.000 0.127737 0.484253 0.388010
036100 0.000 0.127737 0.484253 0.388010
036200 0.000 0.127737 0.484253 0.388010
036300 0.000 0.127737 0.484253 0.388010
036400 0.000 0.127737 0.484253 0.388010
036500 0.000 0.127737 0.484253 0.388010
036600 0.000 0.127737 0.484253 0.388010
036700 0.000 0.127737 0.484253 0.388010
036800 0.000 0.127737 0.484253 0.388010
036900 0.000 0.127737 0.484253 0.388010
037000 0.000 0.127737 0.484253 0.388010
037100 0.000 0.127737 0.484253 0.388010
037200 0.000 0.127737 0.484253 0.388010
037300 0.000 0.127737 0.484253 0.388010
037400 0.000 0.127737 0.484253 0.388010
037500 0.000 0.127737 0.484253 0.388010
037600 0.000 0.127737 0.484253 0.388010
037700 0.000 0.127737 0.484253 0.388010
037800 0.000 0.127737 0.484253 0.388010
037900 0.000 0.127737 0.484253 0.388010
038000 0.000 0.127737 0.484253 0.388010
038100 0.000 0.127737 0.484253 0.388010
038200 0.000 0.127737 0.484253 0.388010
038300 0.000 0.127737 0.484253 0.388010
038400 0.000 0.127737 0.484253 0.388010
038500 0.000 0.127737 0.484253 0.388010
038600 0.000 0.127737 0.484253 0.388010
038700 0.000 0.127737 0.484253 0.388010
038800 0.000 0.127737 0.484253 0.388010
038900 0.000 0.127737 0.484253 0.388010
039000 0.000 0.127737 0.484253 0.388010
039100 0.000 0.127737 0.484253 0.388010
039200 0.000 0.127737 0.484253 0.388010
039300 0.000 0.127737 0.484253 0.388010
039400 0.000 0.127737 0.484253 0.388010
039500 0.000 0.127737 0.484253 0.388010
039600 0.000 0.127737 0.484253 0.388010
039700 0.000 0.127737 0.484253 0.388010
039800 0.000 0.127737 0.484253 0.388010
039900 0.000 0.127737 0.484253 0.388010
040000 0.000 0.127737 0.484253 0.388010
040100 0.000 0.127737 0.484253 0.388010
040200 0.000 0.127737 0.484253 0.388010
040300 0.000 0.127737 0.484253 0.388010
040400 0.000 0.127737 0.484253 0.388010
040500 0.000 0.127737 0.484253 0.388010
040600 0.000 0.127737 0.484253 0.388010
040700 0.000 0.127737 0.484253 0.388010
040800 0.000 0.127737 0.484253 0.388010
040900 0.000 0.127737 0.484253 0.388010
041000 0.000 0.127737 0.484253 0.388010
041100 0.000 0.127737 0.484253 0.388010
041200 0.000 0.127737 0.484253 0.388010
041300 0.000 0.127737 0.484253 0.388010
041400 0.000 0.127737 0.484253 0.388010
041500 0.000 0.127737 0.484253 0.388010
041600 0.000 0.127737 0.484253 0.388010
041700 0.000 0.127737 0.484253 0.388010
041800 0.000 0.127737 0.484253 0.388010
041900 0.000 0.127737 0.484253 0.388010
042000 0.000 0.127737 0.484253 0.388010
042100 0.000 0.127737 0.484253 0.388010
042200 0.000 0.127737 0.484253 0.388010
042300 0.000 0.127737 0.484253 0.388010
042400 0.000 0.127737 0.484253 0.388010
042500 0.000 0.127737 0.484253 0.388010
042600 0.000 0.127737 0.484253 0.388010
042700 0.000 0.127737 0.484253 0.388010
042800 0.000 0.127737 0.484253 0.388010
042900 0.000 0.127737 0.484253 0.388010
043000 0.000 0.127737 0.484253 0.388010
043100 0.000 0.127737 0.484253 0.388010
043200 0.000 0.127737 0.484253 0.388010
043300 0.000 0.127737 0.484253 0.388010
043400 0.000 0.127737 0.484253 0.388010
043500 0.000 0.127737 0.484253 0.388010
043600 0.000 0.127737 0.484253 0.388010
043700 0.000 0.127737 0.484253 0.388010
043800 0.000 0.127737 0.484253 0.388010
043900 0.000 0.127737 0.484253 0.388010
044000 0.000 0.127737 0.484253 0.388010
044100 0.000 0.127737 0.484253 0.388010
044200 0.000 0.127737 0.484253 0.388010
044300 0.000 0.127737 0.484253 0.388010
044400 0.000 0.127737 0.484253 0.388010
044500 0.000 0.127737 0.484253 0.388010
044600 0.000 0.127737 0.484253 0.388010
044700 0.000 0.127737 0.484253 0.388010
044800 0.000 0.127737 0.484253 0.388010
044900 0.000 0.127737 0.484253 0.388010
045000 0.000 0.127737 0.484253 0.388010
045100 0.000 0.127737 0.484253 0.388010
045200 0.000 0.127737 0.484253 0.388010
045300 0.000 0.127737 0.484253 0.388010
045400 0.000 0.127737 0.484253 0.388010
045500 0.000 0.127737 0.484253 0.388010
045600 0.000 0.127737 0.484253 0.388010
045700 0.000 0.127737 0.484253 0.388010
045800 0.000 0.127737 0.484253 0.388010
045900 0.000 0.127737 0.484253 0.388010
046000 0.000 0.127737 0.484253 0.388010
046100 0.000 0.127737 0.484253 0.388010
046200 0.000 0.127737 0.484253 0.388010
046300 0.000 0.127737 0.484253 0.388010
046400 0.000 0.127737 0.484253 0.388010
046500 0.000 0.127737 0.484253 0.388010
046600 0.000 0.127737 0.484253 0.388010
046700 0.000 0.127737 0.484253 0.388010
046800 0.000 0.127737 0.484253 0.388010
046900 0.000 0.127737 0.484253 0.388010
047000 0.000 0.127737 0.484253 0.388010
047100 0.000 0.127737 0.484253 0.388010
047200 0.000 0.127737 0.484253 0.388010
047300 0.000 0.127737 0.484253 0.388010
047400 0.000 0.127737 0.484253 0.388010
047500 0.000 0.127737 0.484253 0.388010
047600 0.000 0.127737 0.484253 0.388010
047700 0.000 0.127737 0.484253 0.388010
047800 0.000 0.127737 0.484253 0.388010
047900 0.000 0.127737 0.484253 0.388010
048000 0.000 0.127737 0.484253 0.388010
048100 0.000 0.127737 0.484253 0.388010
048200 0.000 0.127737 0.484253 0.388010
048300 0.000 0.127737 0.484253 0.388010
048400 0.000 0.127737 0.484253 0.388010
048500 0.000 0.127737 0.484253 0.388010
048600 0.000 0.127737 0.484253 0.388010
048700 0.000 0.127737 0.484253 0.388010
048800 0.000 0.127737 0.484253 0.388010
048900 0.000 0.127737 0.484253 0.388010
049000 0.000 0.127737 0.484253 0.388010
049100 0.000 0.127737 0.484253 0.388010
049200 0.000 0.127737 0.484253 0.388010
049300 0.000 0.127737 0.484253 0.388010
049400 0.000 0.127737 0.484253 0.388010
049500 0.000 0.127737 0.484253 0.388010
049600 0.000 0.127737 0.484253 0.388010
049700 0.000 0.127737 0.484253 0.388010
049800 0.000 0.127737 0.484253 0.388010
049900 0.000 0.127737 0.484253 0.388010
050000 0.000 0.127737 0.484253 0.388010
