000000 0.251 0.249616 0.249680 0.250112
000100 0.587 0.093613 0.176887 0.142340
000200 0.497 0.079812 0.215733 0.207261
000300 0.345 0.086696 0.277458 0.290883
000400 0.211 0.093726 0.336174 0.359362
000500 0.123 0.097434 0.384028 0.395817
000600 0.069 0.098390 0.412239 0.420151
000700 0.037 0.094701 0.435252 0.432862
000800 0.020 0.092708 0.445306 0.441533
000900 0.012 0.092279 0.450210 0.445048
001000 0.008 0.090638 0.450502 0.451149
001100 0.005 0.091162 0.453421 0.450353
001200 0.003 0.091374 0.450963 0.454375
001300 0.002 0.089007 0.451841 0.457257
001400 0.001 0.089560 0.450447 0.458533
001500 0.002 0.086551 0.449826 0.462076
001600 0.001 0.087947 0.450396 0.460160
001700 0.001 0.087837 0.452688 0.458283
001800 0.001 0.085592 0.451897 0.461315
001900 0.001 0.087885 0.448965 0.461993
002000 0.001 0.088913 0.449913 0.460446
002100 0.001 0.088501 0.448359 0.462633
002200 0.000 0.088953 0.448828 0.461838
002300 0.000 0.089900 0.449000 0.460866
002400 0.000 0.090367 0.452656 0.456864
002500 0.000 0.090755 0.453758 0.455455
002600 0.000 0.089139 0.455174 0.455687
002700 0.000 0.089040 0.455402 0.455558
002800 0.000 0.086906 0.460154 0.452940
002900 0.000 0.088188 0.458352 0.453460
003000 0.000 0.087540 0.458178 0.454283
003100 0.000 0.088582 0.459616 0.451802
003200 0.000 0.089737 0.456000 0.454263
003300 0.000 0.088574 0.458199 0.453227
003400 0.000 0.090476 0.458891 0.450633
003500 0.000 0.089852 0.456600 0.453548
003600 0.000 0.090379 0.456041 0.453580
003700 0.000 0.090315 0.456986 0.452699
003800 0.000 0.091622 0.456197 0.452182
003900 0.000 0.090682 0.457084 0.452234
004000 0.000 0.090542 0.458109 0.451349
004100 0.000 0.091563 0.456944 0.451493
004200 0.000 0.090958 0.458552 0.450490
004300 0.000 0.091122 0.459869 0.449009
004400 0.000 0.089685 0.460838 0.449478
004500 0.000 0.088837 0.462998 0.448165
004600 0.000 0.087865 0.462629 0.449506
004700 0.000 0.089018 0.460365 0.450617
004800 0.000 0.090306 0.462181 0.447512
004900 0.000 0.089276 0.464730 0.445994
005000 0.000 0.089970 0.466832 0.443198
005100 0.000 0.089285 0.468531 0.442185
005200 0.000 0.090667 0.468798 0.440535
005300 0.000 0.090242 0.470466 0.439292
005400 0.000 0.091070 0.472283 0.436647
005500 0.000 0.089746 0.471460 0.438794
005600 0.000 0.089411 0.469154 0.441435
005700 0.000 0.087724 0.471831 0.440445
005800 0.000 0.088606 0.473720 0.437674
005900 0.000 0.089158 0.473433 0.437410
006000 0.000 0.088569 0.476303 0.435128
006100 0.000 0.090867 0.472217 0.436915
006200 0.000 0.090021 0.473128 0.436851
006300 0.000 0.091218 0.469797 0.438985
006400 0.000 0.091067 0.470147 0.438785
006500 0.000 0.091044 0.465416 0.443540
006600 0.000 0.092182 0.464602 0.443216
006700 0.000 0.093560 0.460735 0.445706
006800 0.000 0.093369 0.458451 0.448180
006900 0.000 0.092886 0.458812 0.448302
007000 0.000 0.094293 0.456172 0.449535
007100 0.000 0.094718 0.455113 0.450169
007200 0.000 0.097068 0.454742 0.448190
007300 0.000 0.096621 0.454549 0.448831
007400 0.000 0.097787 0.456850 0.445362
007500 0.000 0.098441 0.455818 0.445741
007600 0.000 0.098127 0.456624 0.445249
007700 0.000 0.097946 0.457554 0.444500
007800 0.000 0.097625 0.458450 0.443925
007900 0.000 0.100061 0.454538 0.445401
008000 0.000 0.100804 0.456378 0.442817
008100 0.000 0.100204 0.457631 0.442165
008200 0.000 0.099755 0.456747 0.443499
008300 0.000 0.099128 0.455308 0.445563
008400 0.000 0.099329 0.454988 0.445683
008500 0.000 0.098524 0.454967 0.446509
008600 0.000 0.097163 0.456194 0.446643
008700 0.000 0.097037 0.451627 0.451336
008800 0.000 0.095613 0.452105 0.452283
008900 0.000 0.096995 0.447344 0.455660
009000 0.000 0.096617 0.447838 0.455545
009100 0.000 0.094869 0.448525 0.456606
009200 0.000 0.093727 0.448658 0.457615
009300 0.000 0.093600 0.448012 0.458388
009400 0.000 0.092919 0.450682 0.456399
009500 0.000 0.091522 0.449359 0.459119
009600 0.000 0.091862 0.448559 0.459579
009700 0.000 0.090413 0.447166 0.462421
009800 0.000 0.089819 0.452094 0.458086
009900 0.000 0.088802 0.454347 0.456851
010000 0.000 0.089616 0.456399 0.453985
010100 0.000 0.089078 0.455887 0.455035
010200 0.000 0.088574 0.453822 0.457605
010300 0.000 0.086985 0.459358 0.453656
010400 0.000 0.087866 0.460533 0.451601
010500 0.000 0.089931 0.459658 0.450411
010600 0.000 0.086417 0.458824 0.454759
010700 0.000 0.087013 0.460015 0.452973
010800 0.000 0.086534 0.463023 0.450443
010900 0.000 0.087577 0.459492 0.452931
011000 0.000 0.087083 0.461299 0.451618
011100 0.000 0.085897 0.461547 0.452557
011200 0.000 0.085586 0.461465 0.452949
011300 0.000 0.085289 0.462791 0.451920
011400 0.000 0.084494 0.463542 0.451965
011500 0.000 0.084119 0.463716 0.452165
011600 0.000 0.084858 0.462726 0.452416
011700 0.000 0.084959 0.460856 0.454185
011800 0.000 0.085156 0.459160 0.455684
011900 0.000 0.085956 0.457724 0.456320
012000 0.000 0.086867 0.454666 0.458467
012100 0.000 0.085594 0.458157 0.456249
012200 0.000 0.086293 0.459658 0.454049
012300 0.000 0.086723 0.459644 0.453633
012400 0.000 0.087506 0.461174 0.451320
012500 0.000 0.088431 0.464275 0.447294
012600 0.000 0.087757 0.464921 0.447322
012700 0.000 0.089362 0.463678 0.446960
012800 0.000 0.088767 0.461037 0.450195
012900 0.000 0.088031 0.459253 0.452716
013000 0.000 0.088853 0.461358 0.449788
013100 0.000 0.089910 0.465165 0.444926
013200 0.000 0.088256 0.465703 0.446041
013300 0.000 0.087699 0.465851 0.446450
013400 0.000 0.086197 0.465059 0.448744
013500 0.000 0.086507 0.461044 0.452449
013600 0.000 0.085589 0.467453 0.446958
013700 0.000 0.087684 0.466381 0.445935
013800 0.000 0.085345 0.464465 0.450190
013900 0.000 0.084504 0.468158 0.447338
014000 0.000 0.084733 0.467914 0.447353
014100 0.000 0.083178 0.469424 0.447399
014200 0.000 0.081771 0.468019 0.450210
014300 0.000 0.082411 0.465257 0.452332
014400 0.000 0.079513 0.462890 0.457597
014500 0.000 0.079747 0.463445 0.456808
014600 0.000 0.080244 0.466742 0.453015
014700 0.000 0.081446 0.462682 0.455872
014800 0.000 0.083301 0.461240 0.455460
014900 0.000 0.083510 0.460119 0.456372
015000 0.000 0.085053 0.460883 0.454064
015100 0.000 0.083447 0.463771 0.452782
015200 0.000 0.081977 0.462471 0.455552
015300 0.000 0.082969 0.464179 0.452852
015400 0.000 0.080177 0.466343 0.453480
015500 0.000 0.079481 0.469475 0.451044
015600 0.000 0.080074 0.469633 0.450293
015700 0.000 0.079143 0.467555 0.453302
015800 0.000 0.078594 0.468759 0.452647
015900 0.000 0.079544 0.470856 0.449600
016000 0.000 0.081373 0.470971 0.447656
016100 0.000 0.082145 0.472169 0.445686
016200 0.000 0.083165 0.470549 0.446286
016300 0.000 0.085459 0.471640 0.442901
016400 0.000 0.083746 0.468074 0.448181
016500 0.000 0.083997 0.467067 0.448936
016600 0.000 0.086134 0.465947 0.447919
016700 0.000 0.085539 0.465813 0.448648
016800 0.000 0.084192 0.464474 0.451334
016900 0.000 0.085237 0.460800 0.453962
017000 0.000 0.085271 0.462194 0.452535
017100 0.000 0.084294 0.463231 0.452474
017200 0.000 0.085112 0.460845 0.454042
017300 0.000 0.086012 0.460856 0.453132
017400 0.000 0.085876 0.460644 0.453480
017500 0.000 0.086056 0.462292 0.451652
017600 0.000 0.085772 0.464412 0.449817
017700 0.000 0.087267 0.465679 0.447053
017800 0.000 0.084932 0.464001 0.451067
017900 0.000 0.084860 0.465744 0.449397
018000 0.000 0.085088 0.465717 0.449195
018100 0.000 0.086087 0.462499 0.451413
018200 0.000 0.086572 0.463715 0.449714
018300 0.000 0.087959 0.464055 0.447986
018400 0.000 0.089007 0.463769 0.447224
018500 0.000 0.087392 0.467169 0.445439
018600 0.000 0.088415 0.464104 0.447481
018700 0.000 0.087951 0.461311 0.450738
018800 0.000 0.089351 0.461619 0.449029
018900 0.000 0.090658 0.459860 0.449482
019000 0.000 0.091365 0.459176 0.449459
019100 0.000 0.090499 0.457560 0.451940
019200 0.000 0.089289 0.458733 0.451978
019300 0.000 0.088032 0.460200 0.451768
019400 0.000 0.088371 0.461637 0.449992
019500 0.000 0.089540 0.460424 0.450037
019600 0.000 0.089104 0.460696 0.450200
019700 0.000 0.089076 0.463128 0.447795
019800 0.000 0.089997 0.462457 0.447547
019900 0.000 0.089519 0.464789 0.445692
020000 0.000 0.089685 0.465547 0.444769
020100 0.000 0.088880 0.468556 0.442565
020200 0.000 0.089881 0.464565 0.445554
020300 0.000 0.089435 0.465317 0.445248
020400 0.000 0.089890 0.466878 0.443232
020500 0.000 0.090254 0.465451 0.444295
020600 0.000 0.093994 0.466532 0.439474
020700 0.000 0.092767 0.462420 0.444813
020800 0.000 0.092552 0.462261 0.445187
020900 0.000 0.092983 0.464969 0.442049
021000 0.000 0.094876 0.463057 0.442067
021100 0.000 0.093696 0.466599 0.439706
021200 0.000 0.093424 0.465656 0.440921
021300 0.000 0.093792 0.464041 0.442167
021400 0.000 0.094820 0.458778 0.446402
021500 0.000 0.095222 0.456035 0.448744
021600 0.000 0.092659 0.456803 0.450537
021700 0.000 0.093325 0.457605 0.449070
021800 0.000 0.092389 0.456245 0.451366
021900 0.000 0.090180 0.457265 0.452556
022000 0.000 0.089538 0.459631 0.450832
022100 0.000 0.088130 0.459000 0.452870
022200 0.000 0.086340 0.461191 0.452469
022300 0.000 0.086490 0.464455 0.449056
022400 0.000 0.085947 0.465387 0.448667
022500 0.000 0.087113 0.466187 0.446700
022600 0.000 0.085831 0.462391 0.451778
022700 0.000 0.085799 0.460542 0.453659
022800 0.000 0.084349 0.461724 0.453928
022900 0.000 0.084537 0.459977 0.455486
023000 0.000 0.082524 0.459642 0.457835
023100 0.000 0.083669 0.456032 0.460299
023200 0.000 0.083958 0.453001 0.463041
023300 0.000 0.083199 0.457097 0.459703
023400 0.000 0.083019 0.457199 0.459783
023500 0.000 0.082877 0.454717 0.462406
023600 0.000 0.083890 0.456100 0.460010
023700 0.000 0.083653 0.455719 0.460627
023800 0.000 0.081814 0.456666 0.461520
023900 0.000 0.084754 0.455271 0.459975
024000 0.000 0.086076 0.454139 0.459785
024100 0.000 0.085362 0.456011 0.458627
024200 0.000 0.084836 0.458040 0.457124
024300 0.000 0.087242 0.454732 0.458026
024400 0.000 0.088005 0.454806 0.457189
024500 0.000 0.088735 0.452994 0.458270
024600 0.000 0.087115 0.452486 0.460399
024700 0.000 0.086432 0.451951 0.461617
024800 0.000 0.085551 0.451508 0.462940
024900 0.000 0.085190 0.452453 0.462358
025000 0.000 0.084257 0.452767 0.462976
025100 0.000 0.084853 0.448412 0.466734
025200 0.000 0.083123 0.451734 0.465143
025300 0.000 0.083297 0.452152 0.464551
025400 0.000 0.085395 0.453758 0.460847
025500 0.000 0.087084 0.452653 0.460263
025600 0.000 0.085607 0.451317 0.463076
025700 0.000 0.086078 0.451802 0.462119
025800 0.000 0.085454 0.449995 0.464551
025900 0.000 0.084631 0.452882 0.462487
026000 0.000 0.083808 0.453363 0.462829
026100 0.000 0.083980 0.455090 0.460931
026200 0.000 0.083558 0.451392 0.465050
026300 0.000 0.082634 0.453433 0.463933
026400 0.000 0.081343 0.452281 0.466376
026500 0.000 0.081197 0.450517 0.468285
026600 0.000 0.080895 0.453923 0.465182
026700 0.000 0.082626 0.451829 0.465545
026800 0.000 0.081963 0.453180 0.464857
026900 0.000 0.083419 0.453711 0.462869
027000 0.000 0.083697 0.453222 0.463081
027100 0.000 0.086644 0.453133 0.460223
027200 0.000 0.086260 0.453566 0.460174
027300 0.000 0.086501 0.453560 0.459939
027400 0.000 0.087710 0.453961 0.458328
027500 0.000 0.087665 0.455884 0.456451
027600 0.000 0.088571 0.457849 0.453581
027700 0.000 0.089844 0.457246 0.452910
027800 0.000 0.089604 0.457623 0.452773
027900 0.000 0.090053 0.455340 0.454608
028000 0.000 0.092575 0.453292 0.454133
028100 0.000 0.094220 0.455351 0.450428
028200 0.000 0.094976 0.454232 0.450792
028300 0.000 0.094724 0.453862 0.451415
028400 0.000 0.093963 0.455267 0.450769
028500 0.000 0.092412 0.456788 0.450801
028600 0.000 0.089771 0.457563 0.452666
028700 0.000 0.089737 0.455719 0.454543
028800 0.000 0.089353 0.459604 0.451042
028900 0.000 0.089888 0.460989 0.449123
029000 0.000 0.088942 0.459802 0.451256
029100 0.000 0.091267 0.457832 0.450901
029200 0.000 0.089835 0.458196 0.451969
029300 0.000 0.090076 0.459122 0.450802
029400 0.000 0.090076 0.459122 0.450802
029500 0.000 0.090076 0.459122 0.450802
029600 0.000 0.090076 0.459122 0.450802
029700 0.000 0.090076 0.459122 0.450802
029800 0.000 0.090076 0.459122 0.450802
029900 0.000 0.090076 0.459122 0.450802
030000 0.000 0.090076 0.459122 0.450802
030100 0.000 0.090076 0.459122 0.450802
030200 0.000 0.090076 0.459122 0.450802
030300 0.000 0.090076 0.459122 0.450802
030400 0.000 0.090076 0.459122 0.450802
030500 0.000 0.090076 0.459122 0.450802
030600 0.000 0.090076 0.459122 0.450802
030700 0.000 0.090076 0.459122 0.450802
030800 0.000 0.090076 0.459122 0.450802
030900 0.000 0.090076 0.459122 0.450802
031000 0.000 0.090076 0.459122 0.450802
031100 0.000 0.090076 0.459122 0.450802
031200 0.000 0.090076 0.459122 0.450802
031300 0.000 0.090076 0.459122 0.450802
031400 0.000 0.090076 0.459122 0.450802
031500 0.000 0.090076 0.459122 0.450802
031600 0.000 0.090076 0.459122 0.450802
031700 0.000 0.090076 0.459122 0.450802
031800 0.000 0.090076 0.459122 0.450802
031900 0.000 0.090076 0.459122 0.450802
032000 0.000 0.090076 0.459122 0.450802
032100 0.000 0.090076 0.459122 0.450802
032200 0.000 0.090076 0.459122 0.450802
032300 0.000 0.090076 0.459122 0.450802
032400 0.000 0.090076 0.459122 0.450802
032500 0.000 0.090076 0.459122 0.450802
032600 0.000 0.090076 0.459122 0.450802
032700 0.000 0.090076 0.459122 0.450802
032800 0.000 0.090076 0.459122 0.450802
032900 0.000 0.090076 0.459122 0.450802
033000 0.000 0.090076 0.459122 0.450802
033100 0.000 0.090076 0.459122 0.450802
033200 0.000 0.090076 0.459122 0.450802
033300 0.000 0.090076 0.459122 0.450802
033400 0.000 0.090076 0.459122 0.450802
033500 0.000 0.090076 0.459122 0.450802
033600 0.000 0.090076 0.459122 0.450802
033700 0.000 0.090076 0.459122 0.450802
033800 0.000 0.090076 0.459122 0.450802
033900 0.000 0.090076 0.459122 0.450802
034000 0.000 0.090076 0.459122 0.450802
034100 0.000 0.090076 0.459122 0.450802
034200 0.000 0.090076 0.459122 0.450802
034300 0.000 0.090076 0.459122 0.450802
034400 0.000 0.090076 0.459122 0.450802
034500 0.000 0.090076 0.459122 0.450802
034600 0.000 0.090076 0.459122 0.450802
034700 0.000 0.090076 0.459122 0.450802
034800 0.000 0.090076 0.459122 0.450802
034900 0.000 0.090076 0.459122 0.450802
035000 0.000 0.090076 0.459122 0.450802
035100 0.000 0.090076 0.459122 0.450802
035200 0.000 0.090076 0.459122 0.450802
035300 0.000 0.090076 0.459122 0.450802
035400 0.000 0.090076 0.459122 0.450802
035500 0.000 0.090076 0.459122 0.450802
035600 0.000 0.090076 0.459122 0.450802
035700 0.000 0.090076 0.459122 0.450802
035800 0.000 0.090076 0.459122 0.450802
035900 0.000 0.090076 0.459122 0.450802
036000 0.000 0.090076 0.459122 0.450802
036100 0.000 0.090076 0.459122 0.450802
036200 0.000 0.090076 0.459122 0.450802
036300 0.000 0.090076 0.459122 0.450802
036400 0.000 0.090076 0.459122 0.450802
036500 0.000 0.090076 0.459122 0.450802
036600 0.000 0.090076 0.459122 0.450802
036700 0.000 0.090076 0.459122 0.450802
036800 0.000 0.090076 0.459122 0.450802
036900 0.000 0.090076 0.459122 0.450802
037000 0.000 0.090076 0.459122 0.450802
037100 0.000 0.090076 0.459122 0.450802
037200 0.000 0.090076 0.459122 0.450802
037300 0.000 0.090076 0.459122 0.450802
037400 0.000 0.090076 0.459122 0.450802
037500 0.000 0.090076 0.459122 0.450802
037600 0.000 0.090076 0.459122 0.450802
037700 0.000 0.090076 0.459122 0.450802
037800 0.000 0.090076 0.459122 0.450802
037900 0.000 0.090076 0.459122 0.450802
038000 0.000 0.090076 0.459122 0.450802
038100 0.000 0.090076 0.459122 0.450802
038200 0.000 0.090076 0.459122 0.450802
038300 0.000 0.090076 0.459122 0.450802
038400 0.000 0.090076 0.459122 0.450802
038500 0.000 0.090076 0.459122 0.450802
038600 0.000 0.090076 0.459122 0.450802
038700 0.000 0.090076 0.459122 0.450802
038800 0.000 0.090076 0.459122 0.450802
038900 0.000 0.090076 0.459122 0.450802
039000 0.000 0.090076 0.459122 0.450802
039100 0.000 0.090076 0.459122 0.450802
039200 0.000 0.090076 0.459122 0.450802
039300 0.000 0.090076 0.459122 0.450802
039400 0.000 0.090076 0.459122 0.450802
039500 0.000 0.090076 0.459122 0.450802
039600 0.000 0.090076 0.459122 0.450802
039700 0.000 0.090076 0.459122 0.450802
039800 0.000 0.090076 0.459122 0.450802
039900 0.000 0.090076 0.459122 0.450802
040000 0.000 0.090076 0.459122 0.450802
040100 0.000 0.090076 0.459122 0.450802
040200 0.000 0.090076 0.459122 0.450802
040300 0.000 0.090076 0.459122 0.450802
040400 0.000 0.090076 0.459122 0.450802
040500 0.000 0.090076 0.459122 0.450802
040600 0.000 0.090076 0.459122 0.450802
040700 0.000 0.090076 0.459122 0.450802
040800 0.000 0.090076 0.459122 0.450802
040900 0.000 0.090076 0.459122 0.450802
041000 0.000 0.090076 0.459122 0.450802
041100 0.000 0.090076 0.459122 0.450802
041200 0.000 0.090076 0.459122 0.450802
041300 0.000 0.090076 0.459122 0.450802
041400 0.000 0.090076 0.459122 0.450802
041500 0.000 0.090076 0.459122 0.450802
041600 0.000 0.090076 0.459122 0.450802
041700 0.000 0.090076 0.459122 0.450802
041800 0.000 0.090076 0.459122 0.450802
041900 0.000 0.090076 0.459122 0.450802
042000 0.000 0.090076 0.459122 0.450802
042100 0.000 0.090076 0.459122 0.450802
042200 0.000 0.090076 0.459122 0.450802
042300 0.000 0.090076 0.459122 0.450802
042400 0.000 0.090076 0.459122 0.450802
042500 0.000 0.090076 0.459122 0.450802
042600 0.000 0.090076 0.459122 0.450802
042700 0.000 0.090076 0.459122 0.450802
042800 0.000 0.090076 0.459122 0.450802
042900 0.000 0.090076 0.459122 0.450802
043000 0.000 0.090076 0.459122 0.450802
043100 0.000 0.090076 0.459122 0.450802
043200 0.000 0.090076 0.459122 0.450802
043300 0.000 0.090076 0.459122 0.450802
043400 0.000 0.090076 0.459122 0.450802
043500 0.000 0.090076 0.459122 0.450802
043600 0.000 0.090076 0.459122 0.450802
043700 0.000 0.090076 0.459122 0.450802
043800 0.000 0.090076 0.459122 0.450802
043900 0.000 0.090076 0.459122 0.450802
044000 0.000 0.090076 0.459122 0.450802
044100 0.000 0.090076 0.459122 0.450802
044200 0.000 0.090076 0.459122 0.450802
044300 0.000 0.090076 0.459122 0.450802
044400 0.000 0.090076 0.459122 0.450802
044500 0.000 0.090076 0.459122 0.450802
044600 0.000 0.090076 0.459122 0.450802
044700 0.000 0.090076 0.459122 0.450802
044800 0.000 0.090076 0.459122 0.450802
044900 0.000 0.090076 0.459122 0.450802
045000 0.000 0.090076 0.459122 0.450802
045100 0.000 0.090076 0.459122 0.450802
045200 0.000 0.090076 0.459122 0.450802
045300 0.000 0.090076 0.459122 0.450802
045400 0.000 0.090076 0.459122 0.450802
045500 0.000 0.090076 0.459122 0.450802
045600 0.000 0.090076 0.459122 0.450802
045700 0.000 0.090076 0.459122 0.450802
045800 0.000 0.090076 0.459122 0.450802
045900 0.000 0.090076 0.459122 0.450802
046000 0.000 0.090076 0.459122 0.450802
046100 0.000 0.090076 0.459122 0.450802
046200 0.000 0.090076 0.459122 0.450802
046300 0.000 0.090076 0.459122 0.450802
046400 0.000 0.090076 0.459122 0.450802
046500 0.000 0.090076 0.459122 0.450802
046600 0.000 0.090076 0.459122 0.450802
046700 0.000 0.090076 0.459122 0.450802
046800 0.000 0.090076 0.459122 0.450802
046900 0.000 0.090076 0.459122 0.450802
047000 0.000 0.090076 0.459122 0.450802
047100 0.000 0.090076 0.459122 0.450802
047200 0.000 0.090076 0.459122 0.450802
047300 0.000 0.090076 0.459122 0.450802
047400 0.000 0.090076 0.459122 0.450802
047500 0.000 0.090076 0.459122 0.450802
047600 0.000 0.090076 0.459122 0.450802
047700 0.000 0.090076 0.459122 0.450802
047800 0.000 0.090076 0.459122 0.450802
047900 0.000 0.090076 0.459122 0.450802
048000 0.000 0.090076 0.459122 0.450802
048100 0.000 0.090076 0.459122 0.450802
048200 0.000 0.090076 0.459122 0.450802
048300 0.000 0.090076 0.459122 0.450802
048400 0.000 0.090076 0.459122 0.450802
048500 0.000 0.090076 0.459122 0.450802
048600 0.000 0.090076 0.459122 0.450802
048700 0.000 0.090076 0.459122 0.450802
048800 0.000 0.090076 0.459122 0.450802
048900 0.000 0.090076 0.459122 0.450802
049000 0.000 0.090076 0.459122 0.450802
049100 0.000 0.090076 0.459122 0.450802
049200 0.000 0.090076 0.459122 0.450802
049300 0.000 0.090076 0.459122 0.450802
049400 0.000 0.090076 0.459122 0.450802
049500 0.000 0.090076 0.459122 0.450802
049600 0.000 0.090076 0.459122 0.450802
049700 0.000 0.090076 0.459122 0.450802
049800 0.000 0.090076 0.459122 0.450802
049900 0.000 0.090076 0.459122 0.450802
050000 0.000 0.090076 0.459122 0.450802
