000000 0.250 0.250129 0.250178 0.249899
000100 0.980 0.005145 0.003013 0.011347
000200 0.996 0.000975 0.000283 0.002635
000300 0.999 0.000295 0.000041 0.001104
000400 0.999 0.000165 0.000026 0.001049
000500 0.999 0.000090 0.000016 0.001366
000600 0.998 0.000053 0.000000 0.002205
000700 0.996 0.000104 0.000000 0.003676
000800 0.995 0.000131 0.000000 0.005219
000900 0.993 0.000075 0.000000 0.007267
001000 0.990 0.000047 0.000000 0.009950
001100 0.987 0.000058 0.000000 0.013372
001200 0.983 0.000042 0.000000 0.017217
001300 0.979 0.000000 0.000000 0.021403
001400 0.974 0.000000 0.000000 0.026333
001500 0.968 0.000000 0.000000 0.031656
001600 0.962 0.000000 0.000000 0.037614
001700 0.956 0.000000 0.000000 0.044146
001800 0.949 0.000000 0.000000 0.051401
001900 0.941 0.000000 0.000000 0.058915
002000 0.933 0.000000 0.000000 0.067405
002100 0.924 0.000000 0.000000 0.076219
002200 0.915 0.000000 0.000000 0.085378
002300 0.905 0.000000 0.000000 0.095256
002400 0.894 0.000000 0.000000 0.105821
002500 0.883 0.000000 0.000000 0.116697
002600 0.872 0.000000 0.000000 0.127561
002700 0.862 0.000000 0.000000 0.137895
002800 0.852 0.000000 0.000000 0.148207
002900 0.841 0.000000 0.000000 0.159012
003000 0.830 0.000000 0.000000 0.169888
003100 0.819 0.000000 0.000000 0.181350
003200 0.807 0.000000 0.000000 0.193079
003300 0.795 0.000000 0.000000 0.204878
003400 0.783 0.000000 0.000000 0.216987
003500 0.771 0.000000 0.000000 0.229424
003600 0.758 0.000000 0.000000 0.242085
003700 0.744 0.000000 0.000000 0.255504
003800 0.731 0.000000 0.000000 0.268886
003900 0.717 0.000000 0.000000 0.282544
004000 0.704 0.000000 0.000000 0.296285
004100 0.689 0.000000 0.000000 0.310554
004200 0.675 0.000000 0.000000 0.324515
004300 0.661 0.000000 0.000000 0.339212
004400 0.646 0.000000 0.000000 0.354267
004500 0.630 0.000000 0.000000 0.369507
004600 0.615 0.000000 0.000000 0.384983
004700 0.599 0.000000 0.000000 0.400794
004800 0.583 0.000000 0.000000 0.417139
004900 0.566 0.000000 0.000000 0.433601
005000 0.550 0.000000 0.000000 0.450007
005100 0.533 0.000000 0.000000 0.466760
005200 0.516 0.000000 0.000000 0.484124
005300 0.499 0.000000 0.000000 0.501498
005400 0.481 0.000000 0.000000 0.518804
005500 0.463 0.000000 0.000000 0.537112
005600 0.445 0.000000 0.000000 0.554931
005700 0.427 0.000000 0.000000 0.573386
005800 0.408 0.000000 0.000000 0.592006
005900 0.389 0.000000 0.000000 0.611333
006000 0.369 0.000000 0.000000 0.630864
006100 0.349 0.000000 0.000000 0.650509
006200 0.329 0.000000 0.000000 0.670536
006300 0.309 0.000000 0.000000 0.690580
006400 0.289 0.000000 0.000000 0.711067
006500 0.268 0.000000 0.000000 0.731611
006600 0.247 0.000000 0.000000 0.752574
006700 0.227 0.000000 0.000000 0.772995
006800 0.209 0.000000 0.000000 0.790869
006900 0.192 0.000000 0.000000 0.807705
007000 0.176 0.000000 0.000000 0.823953
007100 0.160 0.000000 0.000000 0.839990
007200 0.144 0.000000 0.000000 0.855534
007300 0.130 0.000000 0.000000 0.870487
007400 0.114 0.000000 0.000000 0.885811
007500 0.099 0.000000 0.000000 0.900528
007600 0.085 0.000000 0.000000 0.915184
007700 0.070 0.000000 0.000000 0.929945
007800 0.055 0.000000 0.000000 0.944712
007900 0.043 0.000000 0.000000 0.956904
008000 0.033 0.000000 0.000000 0.966872
008100 0.025 0.000000 0.000000 0.975101
008200 0.018 0.000000 0.000000 0.982384
008300 0.011 0.000000 0.000000 0.988898
008400 0.005 0.000000 0.000000 0.994537
008500 0.002 0.000000 0.000000 0.997835
008600 0.000 0.000000 0.000000 0.999595
008700 0.000 0.000000 0.000000 1.000000
008800 0.000 0.000000 0.000000 1.000000
008900 0.000 0.000000 0.000000 1.000000
009000 0.000 0.000000 0.000000 1.000000
009100 0.000 0.000000 0.000000 1.000000
009200 0.000 0.000000 0.000000 1.000000
009300 0.000 0.000000 0.000000 1.000000
009400 0.000 0.000000 0.000000 1.000000
009500 0.000 0.000000 0.000000 1.000000
009600 0.000 0.000000 0.000000 1.000000
009700 0.000 0.000000 0.000000 1.000000
009800 0.000 0.000000 0.000000 1.000000
009900 0.000 0.000000 0.000000 1.000000
010000 0.000 0.000000 0.000000 1.000000
010100 0.000 0.000000 0.000000 1.000000
010200 0.000 0.000000 0.000000 1.000000
010300 0.000 0.000000 0.000000 1.000000
010400 0.000 0.000000 0.000000 1.000000
010500 0.000 0.000000 0.000000 1.000000
010600 0.000 0.000000 0.000000 1.000000
010700 0.000 0.000000 0.000000 1.000000
010800 0.000 0.000000 0.000000 1.000000
010900 0.000 0.000000 0.000000 1.000000
011000 0.000 0.000000 0.000000 1.000000
011100 0.000 0.000000 0.000000 1.000000
011200 0.000 0.000000 0.000000 1.000000
011300 0.000 0.000000 0.000000 1.000000
011400 0.000 0.000000 0.000000 1.000000
011500 0.000 0.000000 0.000000 1.000000
011600 0.000 0.000000 0.000000 1.000000
011700 0.000 0.000000 0.000000 1.000000
011800 0.000 0.000000 0.000000 1.000000
011900 0.000 0.000000 0.000000 1.000000
012000 0.000 0.000000 0.000000 1.000000
012100 0.000 0.000000 0.000000 1.000000
012200 0.000 0.000000 0.000000 1.000000
012300 0.000 0.000000 0.000000 1.000000
012400 0.000 0.000000 0.000000 1.000000
012500 0.000 0.000000 0.000000 1.000000
012600 0.000 0.000000 0.000000 1.000000
012700 0.000 0.000000 0.000000 1.000000
012800 0.000 0.000000 0.000000 1.000000
012900 0.000 0.000000 0.000000 1.000000
013000 0.000 0.000000 0.000000 1.000000
013100 0.000 0.000000 0.000000 1.000000
013200 0.000 0.000000 0.000000 1.000000
013300 0.000 0.000000 0.000000 1.000000
013400 0.000 0.000000 0.000000 1.000000
013500 0.000 0.000000 0.000000 1.000000
013600 0.000 0.000000 0.000000 1.000000
013700 0.000 0.000000 0.000000 1.000000
013800 0.000 0.000000 0.000000 1.000000
013900 0.000 0.000000 0.000000 1.000000
014000 0.000 0.000000 0.000000 1.000000
014100 0.000 0.000000 0.000000 1.000000
014200 0.000 0.000000 0.000000 1.000000
014300 0.000 0.000000 0.000000 1.000000
014400 0.000 0.000000 0.000000 1.000000
014500 0.000 0.000000 0.000000 1.000000
014600 0.000 0.000000 0.000000 1.000000
014700 0.000 0.000000 0.000000 1.000000
014800 0.000 0.000000 0.000000 1.000000
014900 0.000 0.000000 0.000000 1.000000
015000 0.000 0.000000 0.000000 1.000000
015100 0.000 0.000000 0.000000 1.000000
015200 0.000 0.000000 0.000000 1.000000
015300 0.000 0.000000 0.000000 1.000000
015400 0.000 0.000000 0.000000 1.000000
015500 0.000 0.000000 0.000000 1.000000
015600 0.000 0.000000 0.000000 1.000000
015700 0.000 0.000000 0.000000 1.000000
015800 0.000 0.000000 0.000000 1.000000
015900 0.000 0.000000 0.000000 1.000000
016000 0.000 0.000000 0.000000 1.000000
016100 0.000 0.000000 0.000000 1.000000
016200 0.000 0.000000 0.000000 1.000000
016300 0.000 0.000000 0.000000 1.000000
016400 0.000 0.000000 0.000000 1.000000
016500 0.000 0.000000 0.000000 1.000000
016600 0.000 0.000000 0.000000 1.000000
016700 0.000 0.000000 0.000000 1.000000
016800 0.000 0.000000 0.000000 1.000000
016900 0.000 0.000000 0.000000 1.000000
017000 0.000 0.000000 0.000000 1.000000
017100 0.000 0.000000 0.000000 1.000000
017200 0.000 0.000000 0.000000 1.000000
017300 0.000 0.000000 0.000000 1.000000
017400 0.000 0.000000 0.000000 1.000000
017500 0.000 0.000000 0.000000 1.000000
017600 0.000 0.000000 0.000000 1.000000
017700 0.000 0.000000 0.000000 1.000000
017800 0.000 0.000000 0.000000 1.000000
017900 0.000 0.000000 0.000000 1.000000
018000 0.000 0.000000 0.000000 1.000000
018100 0.000 0.000000 0.000000 1.000000
018200 0.000 0.000000 0.000000 1.000000
018300 0.000 0.000000 0.000000 1.000000
018400 0.000 0.000000 0.000000 1.000000
018500 0.000 0.000000 0.000000 1.000000
018600 0.000 0.000000 0.000000 1.000000
018700 0.000 0.000000 0.000000 1.000000
018800 0.000 0.000000 0.000000 1.000000
018900 0.000 0.000000 0.000000 1.000000
019000 0.000 0.000000 0.000000 1.000000
019100 0.000 0.000000 0.000000 1.000000
019200 0.000 0.000000 0.000000 1.000000
019300 0.000 0.000000 0.000000 1.000000
019400 0.000 0.000000 0.000000 1.000000
019500 0.000 0.000000 0.000000 1.000000
019600 0.000 0.000000 0.000000 1.000000
019700 0.000 0.000000 0.000000 1.000000
019800 0.000 0.000000 0.000000 1.000000
019900 0.000 0.000000 0.000000 1.000000
020000 0.000 0.000000 0.000000 1.000000
020100 0.000 0.000000 0.000000 1.000000
020200 0.000 0.000000 0.000000 1.000000
020300 0.000 0.000000 0.000000 1.000000
020400 0.000 0.000000 0.000000 1.000000
020500 0.000 0.000000 0.000000 1.000000
020600 0.000 0.000000 0.000000 1.000000
020700 0.000 0.000000 0.000000 1.000000
020800 0.000 0.000000 0.000000 1.000000
020900 0.000 0.000000 0.000000 1.000000
021000 0.000 0.000000 0.000000 1.000000
021100 0.000 0.000000 0.000000 1.000000
021200 0.000 0.000000 0.000000 1.000000
021300 0.000 0.000000 0.000000 1.000000
021400 0.000 0.000000 0.000000 1.000000
021500 0.000 0.000000 0.000000 1.000000
021600 0.000 0.000000 0.000000 1.000000
021700 0.000 0.000000 0.000000 1.000000
021800 0.000 0.000000 0.000000 1.000000
021900 0.000 0.000000 0.000000 1.000000
022000 0.000 0.000000 0.000000 1.000000
022100 0.000 0.000000 0.000000 1.000000
022200 0.000 0.000000 0.000000 1.000000
022300 0.000 0.000000 0.000000 1.000000
022400 0.000 0.000000 0.000000 1.000000
022500 0.000 0.000000 0.000000 1.000000
022600 0.000 0.000000 0.000000 1.000000
022700 0.000 0.000000 0.000000 1.000000
022800 0.000 0.000000 0.000000 1.000000
022900 0.000 0.000000 0.000000 1.000000
023000 0.000 0.000000 0.000000 1.000000
023100 0.000 0.000000 0.000000 1.000000
023200 0.000 0.000000 0.000000 1.000000
023300 0.000 0.000000 0.000000 1.000000
023400 0.000 0.000000 0.000000 1.000000
023500 0.000 0.000000 0.000000 1.000000
023600 0.000 0.000000 0.000000 1.000000
023700 0.000 0.000000 0.000000 1.000000
023800 0.000 0.000000 0.000000 1.000000
023900 0.000 0.000000 0.000000 1.000000
024000 0.000 0.000000 0.000000 1.000000
024100 0.000 0.000000 0.000000 1.000000
024200 0.000 0.000000 0.000000 1.000000
024300 0.000 0.000000 0.000000 1.000000
024400 0.000 0.000000 0.000000 1.000000
024500 0.000 0.000000 0.000000 1.000000
024600 0.000 0.000000 0.000000 1.000000
024700 0.000 0.000000 0.000000 1.000000
024800 0.000 0.000000 0.000000 1.000000
024900 0.000 0.000000 0.000000 1.000000
025000 0.000 0.000000 0.000000 1.000000
025100 0.000 0.000000 0.000000 1.000000
025200 0.000 0.000000 0.000000 1.000000
025300 0.000 0.000000 0.000000 1.000000
025400 0.000 0.000000 0.000000 1.000000
025500 0.000 0.000000 0.000000 1.000000
025600 0.000 0.000000 0.000000 1.000000
025700 0.000 0.000000 0.000000 1.000000
025800 0.000 0.000000 0.000000 1.000000
025900 0.000 0.000000 0.000000 1.000000
026000 0.000 0.000000 0.000000 1.000000
026100 0.000 0.000000 0.000000 1.000000
026200 0.000 0.000000 0.000000 1.000000
026300 0.000 0.000000 0.000000 1.000000
026400 0.000 0.000000 0.000000 1.000000
026500 0.000 0.000000 0.000000 1.000000
026600 0.000 0.000000 0.000000 1.000000
026700 0.000 0.000000 0.000000 1.000000
026800 0.000 0.000000 0.000000 1.000000
026900 0.000 0.000000 0.000000 1.000000
027000 0.000 0.000000 0.000000 1.000000
027100 0.000 0.000000 0.000000 1.000000
027200 0.000 0.000000 0.000000 1.000000
027300 0.000 0.000000 0.000000 1.000000
027400 0.000 0.000000 0.000000 1.000000
027500 0.000 0.000000 0.000000 1.000000
027600 0.000 0.000000 0.000000 1.000000
027700 0.000 0.000000 0.000000 1.000000
027800 0.000 0.000000 0.000000 1.000000
027900 0.000 0.000000 0.000000 1.000000
028000 0.000 0.000000 0.000000 1.000000
028100 0.000 0.000000 0.000000 1.000000
028200 0.000 0.000000 0.000000 1.000000
028300 0.000 0.000000 0.000000 1.000000
028400 0.000 0.000000 0.000000 1.000000
028500 0.000 0.000000 0.000000 1.000000
028600 0.000 0.000000 0.000000 1.000000
028700 0.000 0.000000 0.000000 1.000000
028800 0.000 0.000000 0.000000 1.000000
028900 0.000 0.000000 0.000000 1.000000
029000 0.000 0.000000 0.000000 1.000000
029100 0.000 0.000000 0.000000 1.000000
029200 0.000 0.000000 0.000000 1.000000
029300 0.000 0.000000 0.000000 1.000000
029400 0.000 0.000000 0.000000 1.000000
029500 0.000 0.000000 0.000000 1.000000
029600 0.000 0.000000 0.000000 1.000000
029700 0.000 0.000000 0.000000 1.000000
029800 0.000 0.000000 0.000000 1.000000
029900 0.000 0.000000 0.000000 1.000000
030000 0.000 0.000000 0.000000 1.000000
030100 0.000 0.000000 0.000000 1.000000
030200 0.000 0.000000 0.000000 1.000000
030300 0.000 0.000000 0.000000 1.000000
030400 0.000 0.000000 0.000000 1.000000
030500 0.000 0.000000 0.000000 1.000000
030600 0.000 0.000000 0.000000 1.000000
030700 0.000 0.000000 0.000000 1.000000
030800 0.000 0.000000 0.000000 1.000000
030900 0.000 0.000000 0.000000 1.000000
031000 0.000 0.000000 0.000000 1.000000
031100 0.000 0.000000 0.000000 1.000000
031200 0.000 0.000000 0.000000 1.000000
031300 0.000 0.000000 0.000000 1.000000
031400 0.000 0.000000 0.000000 1.000000
031500 0.000 0.000000 0.000000 1.000000
031600 0.000 0.000000 0.000000 1.000000
031700 0.000 0.000000 0.000000 1.000000
031800 0.000 0.000000 0.000000 1.000000
031900 0.000 0.000000 0.000000 1.000000
032000 0.000 0.000000 0.000000 1.000000
032100 0.000 0.000000 0.000000 1.000000
032200 0.000 0.000000 0.000000 1.000000
032300 0.000 0.000000 0.000000 1.000000
032400 0.000 0.000000 0.000000 1.000000
032500 0.000 0.000000 0.000000 1.000000
032600 0.000 0.000000 0.000000 1.000000
032700 0.000 0.000000 0.000000 1.000000
032800 0.000 0.000000 0.000000 1.000000
032900 0.000 0.000000 0.000000 1.000000
033000 0.000 0.000000 0.000000 1.000000
033100 0.000 0.000000 0.000000 1.000000
033200 0.000 0.000000 0.000000 1.000000
033300 0.000 0.000000 0.000000 1.000000
033400 0.000 0.000000 0.000000 1.000000
033500 0.000 0.000000 0.000000 1.000000
033600 0.000 0.000000 0.000000 1.000000
033700 0.000 0.000000 0.000000 1.000000
033800 0.000 0.000000 0.000000 1.000000
033900 0.000 0.000000 0.000000 1.000000
034000 0.000 0.000000 0.000000 1.000000
034100 0.000 0.000000 0.000000 1.000000
034200 0.000 0.000000 0.000000 1.000000
034300 0.000 0.000000 0.000000 1.000000
034400 0.000 0.000000 0.000000 1.000000
034500 0.000 0.000000 0.000000 1.000000
034600 0.000 0.000000 0.000000 1.000000
034700 0.000 0.000000 0.000000 1.000000
034800 0.000 0.000000 0.000000 1.000000
034900 0.000 0.000000 0.000000 1.000000
035000 0.000 0.000000 0.000000 1.000000
035100 0.000 0.000000 0.000000 1.000000
035200 0.000 0.000000 0.000000 1.000000
035300 0.000 0.000000 0.000000 1.000000
035400 0.000 0.000000 0.000000 1.000000
035500 0.000 0.000000 0.000000 1.000000
035600 0.000 0.000000 0.000000 1.000000
035700 0.000 0.000000 0.000000 1.000000
035800 0.000 0.000000 0.000000 1.000000
035900 0.000 0.000000 0.000000 1.000000
036000 0.000 0.000000 0.000000 1.000000
036100 0.000 0.000000 0.000000 1.000000
036200 0.000 0.000000 0.000000 1.000000
036300 0.000 0.000000 0.000000 1.000000
036400 0.000 0.000000 0.000000 1.000000
036500 0.000 0.000000 0.000000 1.000000
036600 0.000 0.000000 0.000000 1.000000
036700 0.000 0.000000 0.000000 1.000000
036800 0.000 0.000000 0.000000 1.000000
036900 0.000 0.000000 0.000000 1.000000
037000 0.000 0.000000 0.000000 1.000000
037100 0.000 0.000000 0.000000 1.000000
037200 0.000 0.000000 0.000000 1.000000
037300 0.000 0.000000 0.000000 1.000000
037400 0.000 0.000000 0.000000 1.000000
037500 0.000 0.000000 0.000000 1.000000
037600 0.000 0.000000 0.000000 1.000000
037700 0.000 0.000000 0.000000 1.000000
037800 0.000 0.000000 0.000000 1.000000
037900 0.000 0.000000 0.000000 1.000000
038000 0.000 0.000000 0.000000 1.000000
038100 0.000 0.000000 0.000000 1.000000
038200 0.000 0.000000 0.000000 1.000000
038300 0.000 0.000000 0.000000 1.000000
038400 0.000 0.000000 0.000000 1.000000
038500 0.000 0.000000 0.000000 1.000000
038600 0.000 0.000000 0.000000 1.000000
038700 0.000 0.000000 0.000000 1.000000
038800 0.000 0.000000 0.000000 1.000000
038900 0.000 0.000000 0.000000 1.000000
039000 0.000 0.000000 0.000000 1.000000
039100 0.000 0.000000 0.000000 1.000000
039200 0.000 0.000000 0.000000 1.000000
039300 0.000 0.000000 0.000000 1.000000
039400 0.000 0.000000 0.000000 1.000000
039500 0.000 0.000000 0.000000 1.000000
039600 0.000 0.000000 0.000000 1.000000
039700 0.000 0.000000 0.000000 1.000000
039800 0.000 0.000000 0.000000 1.000000
039900 0.000 0.000000 0.000000 1.000000
040000 0.000 0.000000 0.000000 1.000000
040100 0.000 0.000000 0.000000 1.000000
040200 0.000 0.000000 0.000000 1.000000
040300 0.000 0.000000 0.000000 1.000000
040400 0.000 0.000000 0.000000 1.000000
040500 0.000 0.000000 0.000000 1.000000
040600 0.000 0.000000 0.000000 1.000000
040700 0.000 0.000000 0.000000 1.000000
040800 0.000 0.000000 0.000000 1.000000
040900 0.000 0.000000 0.000000 1.000000
041000 0.000 0.000000 0.000000 1.000000
041100 0.000 0.000000 0.000000 1.000000
041200 0.000 0.000000 0.000000 1.000000
041300 0.000 0.000000 0.000000 1.000000
041400 0.000 0.000000 0.000000 1.000000
041500 0.000 0.000000 0.000000 1.000000
041600 0.000 0.000000 0.000000 1.000000
041700 0.000 0.000000 0.000000 1.000000
041800 0.000 0.000000 0.000000 1.000000
041900 0.000 0.000000 0.000000 1.000000
042000 0.000 0.000000 0.000000 1.000000
042100 0.000 0.000000 0.000000 1.000000
042200 0.000 0.000000 0.000000 1.000000
042300 0.000 0.000000 0.000000 1.000000
042400 0.000 0.000000 0.000000 1.000000
042500 0.000 0.000000 0.000000 1.000000
042600 0.000 0.000000 0.000000 1.000000
042700 0.000 0.000000 0.000000 1.000000
042800 0.000 0.000000 0.000000 1.000000
042900 0.000 0.000000 0.000000 1.000000
043000 0.000 0.000000 0.000000 1.000000
043100 0.000 0.000000 0.000000 1.000000
043200 0.000 0.000000 0.000000 1.000000
043300 0.000 0.000000 0.000000 1.000000
043400 0.000 0.000000 0.000000 1.000000
043500 0.000 0.000000 0.000000 1.000000
043600 0.000 0.000000 0.000000 1.000000
043700 0.000 0.000000 0.000000 1.000000
043800 0.000 0.000000 0.000000 1.000000
043900 0.000 0.000000 0.000000 1.000000
044000 0.000 0.000000 0.000000 1.000000
044100 0.000 0.000000 0.000000 1.000000
044200 0.000 0.000000 0.000000 1.000000
044300 0.000 0.000000 0.000000 1.000000
044400 0.000 0.000000 0.000000 1.000000
044500 0.000 0.000000 0.000000 1.000000
044600 0.000 0.000000 0.000000 1.000000
044700 0.000 0.000000 0.000000 1.000000
044800 0.000 0.000000 0.000000 1.000000
044900 0.000 0.000000 0.000000 1.000000
045000 0.000 0.000000 0.000000 1.000000
045100 0.000 0.000000 0.000000 1.000000
045200 0.000 0.000000 0.000000 1.000000
045300 0.000 0.000000 0.000000 1.000000
045400 0.000 0.000000 0.000000 1.000000
045500 0.000 0.000000 0.000000 1.000000
045600 0.000 0.000000 0.000000 1.000000
045700 0.000 0.000000 0.000000 1.000000
045800 0.000 0.000000 0.000000 1.000000
045900 0.000 0.000000 0.000000 1.000000
046000 0.000 0.000000 0.000000 1.000000
046100 0.000 0.000000 0.000000 1.000000
046200 0.000 0.000000 0.000000 1.000000
046300 0.000 0.000000 0.000000 1.000000
046400 0.000 0.000000 0.000000 1.000000
046500 0.000 0.000000 0.000000 1.000000
046600 0.000 0.000000 0.000000 1.000000
046700 0.000 0.000000 0.000000 1.000000
046800 0.000 0.000000 0.000000 1.000000
046900 0.000 0.000000 0.000000 1.000000
047000 0.000 0.000000 0.000000 1.000000
047100 0.000 0.000000 0.000000 1.000000
047200 0.000 0.000000 0.000000 1.000000
047300 0.000 0.000000 0.000000 1.000000
047400 0.000 0.000000 0.000000 1.000000
047500 0.000 0.000000 0.000000 1.000000
047600 0.000 0.000000 0.000000 1.000000
047700 0.000 0.000000 0.000000 1.000000
047800 0.000 0.000000 0.000000 1.000000
047900 0.000 0.000000 0.000000 1.000000
048000 0.000 0.000000 0.000000 1.000000
048100 0.000 0.000000 0.000000 1.000000
048200 0.000 0.000000 0.000000 1.000000
048300 0.000 0.000000 0.000000 1.000000
048400 0.000 0.000000 0.000000 1.000000
048500 0.000 0.000000 0.000000 1.000000
048600 0.000 0.000000 0.000000 1.000000
048700 0.000 0.000000 0.000000 1.000000
048800 0.000 0.000000 0.000000 1.000000
048900 0.000 0.000000 0.000000 1.000000
049000 0.000 0.000000 0.000000 1.000000
049100 0.000 0.000000 0.000000 1.000000
049200 0.000 0.000000 0.000000 1.000000
049300 0.000 0.000000 0.000000 1.000000
049400 0.000 0.000000 0.000000 1.000000
049500 0.000 0.000000 0.000000 1.000000
049600 0.000 0.000000 0.000000 1.000000
049700 0.000 0.000000 0.000000 1.000000
049800 0.000 0.000000 0.000000 1.000000
049900 0.000 0.000000 0.000000 1.000000
050000 0.000 0.000000 0.000000 1.000000
