000000 0.250 0.250365 0.249886 0.250094
000100 0.804 0.043792 0.066999 0.085122
000200 0.805 0.032374 0.047817 0.115192
000300 0.732 0.036468 0.050078 0.181456
000400 0.630 0.043403 0.057651 0.268532
000500 0.526 0.052271 0.068839 0.352681
000600 0.434 0.058736 0.078069 0.428797
000700 0.355 0.067390 0.084117 0.493538
000800 0.292 0.072119 0.091478 0.544563
000900 0.248 0.076213 0.098678 0.577217
001000 0.216 0.079933 0.102862 0.600985
001100 0.191 0.080783 0.109816 0.618827
001200 0.168 0.080207 0.114326 0.637618
001300 0.149 0.079120 0.118944 0.652449
001400 0.132 0.076483 0.121004 0.670263
001500 0.118 0.078584 0.123498 0.680135
001600 0.107 0.079676 0.126508 0.687124
001700 0.096 0.079782 0.128872 0.695827
001800 0.084 0.080417 0.132894 0.702685
001900 0.078 0.081821 0.132335 0.707974
002000 0.071 0.080553 0.134333 0.714363
002100 0.065 0.079095 0.134282 0.721697
002200 0.061 0.076866 0.134089 0.727785
002300 0.057 0.076554 0.134875 0.731483
002400 0.051 0.073299 0.135263 0.740742
002500 0.046 0.073097 0.135798 0.744624
002600 0.042 0.074088 0.137066 0.746717
002700 0.038 0.070662 0.136447 0.754874
002800 0.034 0.071421 0.135106 0.759452
002900 0.031 0.071413 0.134200 0.763776
003000 0.026 0.070426 0.134148 0.769006
003100 0.023 0.070006 0.135882 0.771597
003200 0.019 0.069036 0.138796 0.773092
003300 0.016 0.067151 0.140123 0.776253
003400 0.015 0.068226 0.138740 0.777653
003500 0.014 0.066640 0.140387 0.779417
003600 0.012 0.067534 0.138439 0.782065
003700 0.011 0.066189 0.141000 0.781874
003800 0.010 0.066383 0.141185 0.782256
003900 0.009 0.067712 0.138410 0.784586
004000 0.008 0.066671 0.138925 0.786364
004100 0.007 0.064570 0.136848 0.791152
004200 0.006 0.063041 0.135341 0.795125
004300 0.006 0.063724 0.135389 0.794813
004400 0.006 0.061822 0.133572 0.798599
004500 0.006 0.062960 0.133137 0.798350
004600 0.006 0.062886 0.131688 0.799502
004700 0.005 0.064035 0.131694 0.799091
004800 0.004 0.063752 0.131490 0.800676
004900 0.003 0.062626 0.131896 0.802281
005000 0.003 0.060742 0.132785 0.803932
005100 0.002 0.060929 0.130960 0.805725
005200 0.002 0.061208 0.130208 0.806490
005300 0.002 0.060892 0.127889 0.809606
005400 0.002 0.060118 0.127101 0.811178
005500 0.001 0.058867 0.125748 0.814285
005600 0.001 0.059060 0.126490 0.813718
005700 0.000 0.058639 0.127662 0.813342
005800 0.000 0.057579 0.127772 0.814338
005900 0.000 0.058760 0.127159 0.813965
006000 0.000 0.058416 0.127761 0.813683
006100 0.000 0.058557 0.127267 0.814030
006200 0.000 0.057342 0.122572 0.819960
006300 0.000 0.057256 0.123522 0.819189
006400 0.000 0.056592 0.124029 0.819378
006500 0.000 0.055195 0.120983 0.823822
006600 0.000 0.055829 0.120937 0.823234
006700 0.000 0.056367 0.119439 0.824194
006800 0.000 0.055943 0.119183 0.824874
006900 0.000 0.056463 0.119182 0.824355
007000 0.000 0.055719 0.121287 0.822994
007100 0.000 0.055322 0.121922 0.822756
007200 0.000 0.055958 0.120998 0.823044
007300 0.000 0.056028 0.120483 0.823488
007400 0.000 0.057710 0.120926 0.821364
007500 0.000 0.057038 0.122019 0.820942
007600 0.000 0.056385 0.122210 0.821406
007700 0.000 0.055724 0.122036 0.822240
007800 0.000 0.057095 0.122928 0.819976
007900 0.000 0.056576 0.124238 0.819185
008000 0.000 0.058019 0.122156 0.819825
008100 0.000 0.058583 0.123974 0.817442
008200 0.000 0.058484 0.125079 0.816437
008300 0.000 0.060012 0.126578 0.813410
008400 0.000 0.060060 0.126831 0.813109
008500 0.000 0.060556 0.125408 0.814035
008600 0.000 0.060972 0.124526 0.814501
008700 0.000 0.060551 0.120816 0.818633
008800 0.000 0.059664 0.121830 0.818506
008900 0.000 0.059956 0.123097 0.816948
009000 0.000 0.058392 0.124162 0.817446
009100 0.000 0.057544 0.123105 0.819351
009200 0.000 0.058912 0.122088 0.819001
009300 0.000 0.059483 0.123570 0.816947
009400 0.000 0.060170 0.123287 0.816543
009500 0.000 0.059384 0.120565 0.820051
009600 0.000 0.061312 0.120433 0.818255
009700 0.000 0.059815 0.121926 0.818259
009800 0.000 0.060090 0.121970 0.817940
009900 0.000 0.060985 0.121255 0.817760
010000 0.000 0.059196 0.122874 0.817930
010100 0.000 0.058894 0.120717 0.820388
010200 0.000 0.059788 0.121270 0.818942
010300 0.000 0.058366 0.122749 0.818885
010400 0.000 0.058598 0.125116 0.816286
010500 0.000 0.057366 0.125112 0.817522
010600 0.000 0.057690 0.126746 0.815565
010700 0.000 0.058028 0.127178 0.814794
010800 0.000 0.058245 0.128457 0.813298
010900 0.000 0.057953 0.128510 0.813538
011000 0.000 0.058822 0.129332 0.811847
011100 0.000 0.058283 0.129663 0.812055
011200 0.000 0.058595 0.128671 0.812734
011300 0.000 0.057942 0.129127 0.812931
011400 0.000 0.058808 0.128858 0.812334
011500 0.000 0.059023 0.129965 0.811013
011600 0.000 0.058510 0.130164 0.811326
011700 0.000 0.058926 0.129454 0.811619
011800 0.000 0.059403 0.133004 0.807592
011900 0.000 0.058234 0.130913 0.810853
012000 0.000 0.058264 0.130653 0.811083
012100 0.000 0.058483 0.131774 0.809742
012200 0.000 0.058677 0.132912 0.808410
012300 0.000 0.058807 0.131501 0.809692
012400 0.000 0.058177 0.129547 0.812276
012500 0.000 0.058659 0.128144 0.813197
012600 0.000 0.058143 0.129015 0.812842
012700 0.000 0.056224 0.127856 0.815920
012800 0.000 0.055708 0.126553 0.817739
012900 0.000 0.057274 0.127988 0.814738
013000 0.000 0.057477 0.127331 0.815192
013100 0.000 0.057651 0.127176 0.815173
013200 0.000 0.058049 0.126916 0.815035
013300 0.000 0.058767 0.127184 0.814049
013400 0.000 0.059426 0.125093 0.815481
013500 0.000 0.060503 0.125549 0.813947
013600 0.000 0.060411 0.124990 0.814599
013700 0.000 0.060191 0.125832 0.813977
013800 0.000 0.058459 0.124756 0.816785
013900 0.000 0.059603 0.124744 0.815652
014000 0.000 0.061658 0.122690 0.815651
014100 0.000 0.061959 0.119017 0.819024
014200 0.000 0.061133 0.120618 0.818249
014300 0.000 0.059018 0.120911 0.820071
014400 0.000 0.060646 0.121468 0.817886
014500 0.000 0.059869 0.120842 0.819290
014600 0.000 0.060044 0.119732 0.820224
014700 0.000 0.061165 0.120018 0.818817
014800 0.000 0.061394 0.121019 0.817588
014900 0.000 0.058752 0.121717 0.819531
015000 0.000 0.059377 0.124228 0.816394
015100 0.000 0.060094 0.125478 0.814428
015200 0.000 0.060502 0.123770 0.815728
015300 0.000 0.059458 0.125194 0.815347
015400 0.000 0.059551 0.122972 0.817477
015500 0.000 0.059519 0.120287 0.820194
015600 0.000 0.060449 0.120696 0.818855
015700 0.000 0.059524 0.120657 0.819819
015800 0.000 0.058690 0.124408 0.816901
015900 0.000 0.059118 0.125628 0.815254
016000 0.000 0.058366 0.126074 0.815560
016100 0.000 0.059446 0.125397 0.815157
016200 0.000 0.059146 0.123497 0.817357
016300 0.000 0.060801 0.125306 0.813894
016400 0.000 0.060901 0.127258 0.811841
016500 0.000 0.061467 0.126835 0.811698
016600 0.000 0.062094 0.125617 0.812288
016700 0.000 0.061390 0.123661 0.814949
016800 0.000 0.061233 0.125247 0.813519
016900 0.000 0.059658 0.126084 0.814258
017000 0.000 0.058442 0.130493 0.811065
017100 0.000 0.059672 0.129395 0.810933
017200 0.000 0.059460 0.129878 0.810662
017300 0.000 0.059873 0.130097 0.810030
017400 0.000 0.058995 0.130438 0.810567
017500 0.000 0.058192 0.131232 0.810576
017600 0.000 0.060131 0.131217 0.808653
017700 0.000 0.057802 0.129719 0.812478
017800 0.000 0.057053 0.130311 0.812635
017900 0.000 0.056049 0.129051 0.814900
018000 0.000 0.056950 0.127378 0.815672
018100 0.000 0.056419 0.126144 0.817438
018200 0.000 0.055913 0.124474 0.819612
018300 0.000 0.056216 0.123132 0.820652
018400 0.000 0.057283 0.121065 0.821651
018500 0.000 0.057251 0.117917 0.824832
018600 0.000 0.056974 0.117107 0.825919
018700 0.000 0.056458 0.116170 0.827372
018800 0.000 0.055281 0.114467 0.830251
018900 0.000 0.055676 0.114428 0.829895
019000 0.000 0.055446 0.114390 0.830164
019100 0.000 0.055508 0.117426 0.827066
019200 0.000 0.055914 0.115497 0.828590
019300 0.000 0.055912 0.113830 0.830258
019400 0.000 0.055968 0.114281 0.829751
019500 0.000 0.055526 0.114581 0.829893
019600 0.000 0.054413 0.113638 0.831949
019700 0.000 0.054426 0.113697 0.831878
019800 0.000 0.055454 0.114403 0.830143
019900 0.000 0.055858 0.117752 0.826390
020000 0.000 0.056372 0.119011 0.824617
020100 0.000 0.056831 0.119699 0.823471
020200 0.000 0.058099 0.119813 0.822087
020300 0.000 0.056662 0.116856 0.826481
020400 0.000 0.056031 0.117045 0.826924
020500 0.000 0.055146 0.117075 0.827779
020600 0.000 0.054488 0.118353 0.827158
020700 0.000 0.055028 0.119255 0.825717
020800 0.000 0.055214 0.117087 0.827699
020900 0.000 0.054794 0.115999 0.829207
021000 0.000 0.055501 0.116566 0.827933
021100 0.000 0.055095 0.117880 0.827025
021200 0.000 0.053887 0.118007 0.828106
021300 0.000 0.055311 0.118428 0.826261
021400 0.000 0.054925 0.119728 0.825347
021500 0.000 0.056105 0.118710 0.825185
021600 0.000 0.055915 0.118003 0.826082
021700 0.000 0.055989 0.118223 0.825788
021800 0.000 0.055990 0.117103 0.826906
021900 0.000 0.058299 0.118938 0.822763
022000 0.000 0.058312 0.116909 0.824779
022100 0.000 0.057926 0.114479 0.827594
022200 0.000 0.058205 0.114201 0.827594
022300 0.000 0.057432 0.115084 0.827484
022400 0.000 0.057483 0.114716 0.827801
022500 0.000 0.057604 0.113228 0.829167
022600 0.000 0.057392 0.113812 0.828795
022700 0.000 0.056101 0.113567 0.830333
022800 0.000 0.055935 0.115236 0.828828
022900 0.000 0.055902 0.114778 0.829320
023000 0.000 0.053525 0.116306 0.830169
023100 0.000 0.053552 0.117620 0.828828
023200 0.000 0.054472 0.117394 0.828135
023300 0.000 0.055770 0.115644 0.828585
023400 0.000 0.055169 0.115290 0.829541
023500 0.000 0.055036 0.114856 0.830108
023600 0.000 0.055291 0.115465 0.829244
023700 0.000 0.055436 0.117124 0.827440
023800 0.000 0.057038 0.115324 0.827638
023900 0.000 0.056793 0.117316 0.825891
024000 0.000 0.056733 0.117360 0.825907
024100 0.000 0.057458 0.118181 0.824360
024200 0.000 0.058292 0.115440 0.826268
024300 0.000 0.058692 0.114713 0.826595
024400 0.000 0.057581 0.113747 0.828672
024500 0.000 0.056274 0.114847 0.828879
024600 0.000 0.056491 0.115475 0.828034
024700 0.000 0.055853 0.116219 0.827927
024800 0.000 0.054359 0.115975 0.829666
024900 0.000 0.054384 0.114057 0.831559
025000 0.000 0.053500 0.114717 0.831783
025100 0.000 0.052432 0.114193 0.833375
025200 0.000 0.052703 0.114785 0.832512
025300 0.000 0.052370 0.114982 0.832648
025400 0.000 0.051349 0.116089 0.832562
025500 0.000 0.052083 0.118148 0.829769
025600 0.000 0.050790 0.119071 0.830139
025700 0.000 0.050507 0.118919 0.830574
025800 0.000 0.051292 0.117610 0.831098
025900 0.000 0.051292 0.117610 0.831098
026000 0.000 0.051292 0.117610 0.831098
026100 0.000 0.051292 0.117610 0.831098
026200 0.000 0.051292 0.117610 0.831098
026300 0.000 0.051292 0.117610 0.831098
026400 0.000 0.051292 0.117610 0.831098
026500 0.000 0.051292 0.117610 0.831098
026600 0.000 0.051292 0.117610 0.831098
026700 0.000 0.051292 0.117610 0.831098
026800 0.000 0.051292 0.117610 0.831098
026900 0.000 0.051292 0.117610 0.831098
027000 0.000 0.051292 0.117610 0.831098
027100 0.000 0.051292 0.117610 0.831098
027200 0.000 0.051292 0.117610 0.831098
027300 0.000 0.051292 0.117610 0.831098
027400 0.000 0.051292 0.117610 0.831098
027500 0.000 0.051292 0.117610 0.831098
027600 0.000 0.051292 0.117610 0.831098
027700 0.000 0.051292 0.117610 0.831098
027800 0.000 0.051292 0.117610 0.831098
027900 0.000 0.051292 0.117610 0.831098
028000 0.000 0.051292 0.117610 0.831098
028100 0.000 0.051292 0.117610 0.831098
028200 0.000 0.051292 0.117610 0.831098
028300 0.000 0.051292 0.117610 0.831098
028400 0.000 0.051292 0.117610 0.831098
028500 0.000 0.051292 0.117610 0.831098
028600 0.000 0.051292 0.117610 0.831098
028700 0.000 0.051292 0.117610 0.831098
028800 0.000 0.051292 0.117610 0.831098
028900 0.000 0.051292 0.117610 0.831098
029000 0.000 0.051292 0.117610 0.831098
029100 0.000 0.051292 0.117610 0.831098
029200 0.000 0.051292 0.117610 0.831098
029300 0.000 0.051292 0.117610 0.831098
029400 0.000 0.051292 0.117610 0.831098
029500 0.000 0.051292 0.117610 0.831098
029600 0.000 0.051292 0.117610 0.831098
029700 0.000 0.051292 0.117610 0.831098
029800 0.000 0.051292 0.117610 0.831098
029900 0.000 0.051292 0.117610 0.831098
030000 0.000 0.051292 0.117610 0.831098
030100 0.000 0.051292 0.117610 0.831098
030200 0.000 0.051292 0.117610 0.831098
030300 0.000 0.051292 0.117610 0.831098
030400 0.000 0.051292 0.117610 0.831098
030500 0.000 0.051292 0.117610 0.831098
030600 0.000 0.051292 0.117610 0.831098
030700 0.000 0.051292 0.117610 0.831098
030800 0.000 0.051292 0.117610 0.831098
030900 0.000 0.051292 0.117610 0.831098
031000 0.000 0.051292 0.117610 0.831098
031100 0.000 0.051292 0.117610 0.831098
031200 0.000 0.051292 0.117610 0.831098
031300 0.000 0.051292 0.117610 0.831098
031400 0.000 0.051292 0.117610 0.831098
031500 0.000 0.051292 0.117610 0.831098
031600 0.000 0.051292 0.117610 0.831098
031700 0.000 0.051292 0.117610 0.831098
031800 0.000 0.051292 0.117610 0.831098
031900 0.000 0.051292 0.117610 0.831098
032000 0.000 0.051292 0.117610 0.831098
032100 0.000 0.051292 0.117610 0.831098
032200 0.000 0.051292 0.117610 0.831098
032300 0.000 0.051292 0.117610 0.831098
032400 0.000 0.051292 0.117610 0.831098
032500 0.000 0.051292 0.117610 0.831098
032600 0.000 0.051292 0.117610 0.831098
032700 0.000 0.051292 0.117610 0.831098
032800 0.000 0.051292 0.117610 0.831098
032900 0.000 0.051292 0.117610 0.831098
033000 0.000 0.051292 0.117610 0.831098
033100 0.000 0.051292 0.117610 0.831098
033200 0.000 0.051292 0.117610 0.831098
033300 0.000 0.051292 0.117610 0.831098
033400 0.000 0.051292 0.117610 0.831098
033500 0.000 0.051292 0.117610 0.831098
033600 0.000 0.051292 0.117610 0.831098
033700 0.000 0.051292 0.117610 0.831098
033800 0.000 0.051292 0.117610 0.831098
033900 0.000 0.051292 0.117610 0.831098
034000 0.000 0.051292 0.117610 0.831098
034100 0.000 0.051292 0.117610 0.831098
034200 0.000 0.051292 0.117610 0.831098
034300 0.000 0.051292 0.117610 0.831098
034400 0.000 0.051292 0.117610 0.831098
034500 0.000 0.051292 0.117610 0.831098
034600 0.000 0.051292 0.117610 0.831098
034700 0.000 0.051292 0.117610 0.831098
034800 0.000 0.051292 0.117610 0.831098
034900 0.000 0.051292 0.117610 0.831098
035000 0.000 0.051292 0.117610 0.831098
035100 0.000 0.051292 0.117610 0.831098
035200 0.000 0.051292 0.117610 0.831098
035300 0.000 0.051292 0.117610 0.831098
035400 0.000 0.051292 0.117610 0.831098
035500 0.000 0.051292 0.117610 0.831098
035600 0.000 0.051292 0.117610 0.831098
035700 0.000 0.051292 0.117610 0.831098
035800 0.000 0.051292 0.117610 0.831098
035900 0.000 0.051292 0.117610 0.831098
036000 0.000 0.051292 0.117610 0.831098
036100 0.000 0.051292 0.117610 0.831098
036200 0.000 0.051292 0.117610 0.831098
036300 0.000 0.051292 0.117610 0.831098
036400 0.000 0.051292 0.117610 0.831098
036500 0.000 0.051292 0.117610 0.831098
036600 0.000 0.051292 0.117610 0.831098
036700 0.000 0.051292 0.117610 0.831098
036800 0.000 0.051292 0.117610 0.831098
036900 0.000 0.051292 0.117610 0.831098
037000 0.000 0.051292 0.117610 0.831098
037100 0.000 0.051292 0.117610 0.831098
037200 0.000 0.051292 0.117610 0.831098
037300 0.000 0.051292 0.117610 0.831098
037400 0.000 0.051292 0.117610 0.831098
037500 0.000 0.051292 0.117610 0.831098
037600 0.000 0.051292 0.117610 0.831098
037700 0.000 0.051292 0.117610 0.831098
037800 0.000 0.051292 0.117610 0.831098
037900 0.000 0.051292 0.117610 0.831098
038000 0.000 0.051292 0.117610 0.831098
038100 0.000 0.051292 0.117610 0.831098
038200 0.000 0.051292 0.117610 0.831098
038300 0.000 0.051292 0.117610 0.831098
038400 0.000 0.051292 0.117610 0.831098
038500 0.000 0.051292 0.117610 0.831098
038600 0.000 0.051292 0.117610 0.831098
038700 0.000 0.051292 0.117610 0.831098
038800 0.000 0.051292 0.117610 0.831098
038900 0.000 0.051292 0.117610 0.831098
039000 0.000 0.051292 0.117610 0.831098
039100 0.000 0.051292 0.117610 0.831098
039200 0.000 0.051292 0.117610 0.831098
039300 0.000 0.051292 0.117610 0.831098
039400 0.000 0.051292 0.117610 0.831098
039500 0.000 0.051292 0.117610 0.831098
039600 0.000 0.051292 0.117610 0.831098
039700 0.000 0.051292 0.117610 0.831098
039800 0.000 0.051292 0.117610 0.831098
039900 0.000 0.051292 0.117610 0.831098
040000 0.000 0.051292 0.117610 0.831098
040100 0.000 0.051292 0.117610 0.831098
040200 0.000 0.051292 0.117610 0.831098
040300 0.000 0.051292 0.117610 0.831098
040400 0.000 0.051292 0.117610 0.831098
040500 0.000 0.051292 0.117610 0.831098
040600 0.000 0.051292 0.117610 0.831098
040700 0.000 0.051292 0.117610 0.831098
040800 0.000 0.051292 0.117610 0.831098
040900 0.000 0.051292 0.117610 0.831098
041000 0.000 0.051292 0.117610 0.831098
041100 0.000 0.051292 0.117610 0.831098
041200 0.000 0.051292 0.117610 0.831098
041300 0.000 0.051292 0.117610 0.831098
041400 0.000 0.051292 0.117610 0.831098
041500 0.000 0.051292 0.117610 0.831098
041600 0.000 0.051292 0.117610 0.831098
041700 0.000 0.051292 0.117610 0.831098
041800 0.000 0.051292 0.117610 0.831098
041900 0.000 0.051292 0.117610 0.831098
042000 0.000 0.051292 0.117610 0.831098
042100 0.000 0.051292 0.117610 0.831098
042200 0.000 0.051292 0.117610 0.831098
042300 0.000 0.051292 0.117610 0.831098
042400 0.000 0.051292 0.117610 0.831098
042500 0.000 0.051292 0.117610 0.831098
042600 0.000 0.051292 0.117610 0.831098
042700 0.000 0.051292 0.117610 0.831098
042800 0.000 0.051292 0.117610 0.831098
042900 0.000 0.051292 0.117610 0.831098
043000 0.000 0.051292 0.117610 0.831098
043100 0.000 0.051292 0.117610 0.831098
043200 0.000 0.051292 0.117610 0.831098
043300 0.000 0.051292 0.117610 0.831098
043400 0.000 0.051292 0.117610 0.831098
043500 0.000 0.051292 0.117610 0.831098
043600 0.000 0.051292 0.117610 0.831098
043700 0.000 0.051292 0.117610 0.831098
043800 0.000 0.051292 0.117610 0.831098
043900 0.000 0.051292 0.117610 0.831098
044000 0.000 0.051292 0.117610 0.831098
044100 0.000 0.051292 0.117610 0.831098
044200 0.000 0.051292 0.117610 0.831098
044300 0.000 0.051292 0.117610 0.831098
044400 0.000 0.051292 0.117610 0.831098
044500 0.000 0.051292 0.117610 0.831098
044600 0.000 0.051292 0.117610 0.831098
044700 0.000 0.051292 0.117610 0.831098
044800 0.000 0.051292 0.117610 0.831098
044900 0.000 0.051292 0.117610 0.831098
045000 0.000 0.051292 0.117610 0.831098
045100 0.000 0.051292 0.117610 0.831098
045200 0.000 0.051292 0.117610 0.831098
045300 0.000 0.051292 0.117610 0.831098
045400 0.000 0.051292 0.117610 0.831098
045500 0.000 0.051292 0.117610 0.831098
045600 0.000 0.051292 0.117610 0.831098
045700 0.000 0.051292 0.117610 0.831098
045800 0.000 0.051292 0.117610 0.831098
045900 0.000 0.051292 0.117610 0.831098
046000 0.000 0.051292 0.117610 0.831098
046100 0.000 0.051292 0.117610 0.831098
046200 0.000 0.051292 0.117610 0.831098
046300 0.000 0.051292 0.117610 0.831098
046400 0.000 0.051292 0.117610 0.831098
046500 0.000 0.051292 0.117610 0.831098
046600 0.000 0.051292 0.117610 0.831098
046700 0.000 0.051292 0.117610 0.831098
046800 0.000 0.051292 0.117610 0.831098
046900 0.000 0.051292 0.117610 0.831098
047000 0.000 0.051292 0.117610 0.831098
047100 0.000 0.051292 0.117610 0.831098
047200 0.000 0.051292 0.117610 0.831098
047300 0.000 0.051292 0.117610 0.831098
047400 0.000 0.051292 0.117610 0.831098
047500 0.000 0.051292 0.117610 0.831098
047600 0.000 0.051292 0.117610 0.831098
047700 0.000 0.051292 0.117610 0.831098
047800 0.000 0.051292 0.117610 0.831098
047900 0.000 0.051292 0.117610 0.831098
048000 0.000 0.051292 0.117610 0.831098
048100 0.000 0.051292 0.117610 0.831098
048200 0.000 0.051292 0.117610 0.831098
048300 0.000 0.051292 0.117610 0.831098
048400 0.000 0.051292 0.117610 0.831098
048500 0.000 0.051292 0.117610 0.831098
048600 0.000 0.051292 0.117610 0.831098
048700 0.000 0.051292 0.117610 0.831098
048800 0.000 0.051292 0.117610 0.831098
048900 0.000 0.051292 0.117610 0.831098
049000 0.000 0.051292 0.117610 0.831098
049100 0.000 0.051292 0.117610 0.831098
049200 0.000 0.051292 0.117610 0.831098
049300 0.000 0.051292 0.117610 0.831098
049400 0.000 0.051292 0.117610 0.831098
049500 0.000 0.051292 0.117610 0.831098
049600 0.000 0.051292 0.117610 0.831098
049700 0.000 0.051292 0.117610 0.831098
049800 0.000 0.051292 0.117610 0.831098
049900 0.000 0.051292 0.117610 0.831098
050000 0.000 0.051292 0.117610 0.831098
