000000 0.250 0.249646 0.250403 0.249652
000100 0.949 0.012599 0.010853 0.027452
000200 0.977 0.004608 0.002245 0.015869
000300 0.979 0.003345 0.000635 0.016533
000400 0.973 0.002799 0.000458 0.023727
000500 0.960 0.002554 0.000437 0.036896
000600 0.941 0.002174 0.000572 0.056059
000700 0.917 0.002319 0.000491 0.080251
000800 0.888 0.002256 0.000797 0.109330
000900 0.853 0.002594 0.000786 0.143428
001000 0.816 0.003047 0.000783 0.180636
001100 0.775 0.003392 0.000885 0.220713
001200 0.732 0.003919 0.000733 0.263424
001300 0.687 0.004300 0.000665 0.307583
001400 0.641 0.005032 0.000732 0.352833
001500 0.595 0.005840 0.000733 0.398543
001600 0.548 0.006115 0.000584 0.445319
001700 0.503 0.006274 0.000312 0.490822
001800 0.461 0.006902 0.000368 0.532138
001900 0.424 0.007182 0.000282 0.568429
002000 0.389 0.007581 0.000452 0.602999
002100 0.359 0.008124 0.000503 0.632552
002200 0.333 0.008665 0.000552 0.657702
002300 0.310 0.009250 0.000460 0.680456
002400 0.288 0.008889 0.000337 0.703057
002500 0.266 0.009097 0.000530 0.724160
002600 0.248 0.009463 0.000553 0.742429
002700 0.234 0.009941 0.000767 0.755502
002800 0.221 0.010712 0.000828 0.767355
002900 0.210 0.010669 0.001019 0.778116
003000 0.198 0.010710 0.000978 0.790611
003100 0.187 0.010808 0.001075 0.801483
003200 0.177 0.011293 0.001151 0.810112
003300 0.169 0.011667 0.001037 0.818214
003400 0.161 0.011871 0.000986 0.825835
003500 0.155 0.011865 0.000949 0.832361
003600 0.148 0.012603 0.001217 0.838028
003700 0.142 0.013315 0.001178 0.843690
003800 0.139 0.012731 0.001002 0.847722
003900 0.134 0.013133 0.001078 0.852164
004000 0.129 0.013950 0.000928 0.856456
004100 0.125 0.014081 0.000717 0.860488
004200 0.121 0.013678 0.000787 0.865008
004300 0.116 0.013404 0.000743 0.869400
004400 0.113 0.014143 0.000611 0.871893
004500 0.111 0.014019 0.000477 0.874600
004600 0.109 0.013662 0.000364 0.876941
004700 0.107 0.013984 0.000162 0.878906
004800 0.107 0.013533 0.000206 0.879093
004900 0.105 0.013072 0.000144 0.881365
005000 0.103 0.013362 0.000162 0.883356
005100 0.103 0.013899 0.000089 0.883374
005200 0.103 0.013422 0.000017 0.883563
005300 0.102 0.013741 0.000000 0.884381
005400 0.102 0.014035 0.000000 0.884463
005500 0.101 0.014361 0.000000 0.884362
005600 0.102 0.013969 0.000000 0.883854
005700 0.103 0.013301 0.000000 0.883826
005800 0.103 0.012999 0.000000 0.884254
005900 0.102 0.013243 0.000000 0.884617
006000 0.102 0.013062 0.000000 0.885140
006100 0.101 0.013076 0.000000 0.885655
006200 0.101 0.013680 0.000000 0.885499
006300 0.101 0.013876 0.000000 0.884706
006400 0.102 0.013771 0.000000 0.883844
006500 0.104 0.013158 0.000000 0.882924
006600 0.104 0.012986 0.000000 0.882683
006700 0.104 0.012249 0.000000 0.883326
006800 0.105 0.012184 0.000000 0.882785
006900 0.106 0.012149 0.000000 0.882172
007000 0.107 0.011912 0.000000 0.880962
007100 0.109 0.011453 0.000000 0.879066
007200 0.110 0.011235 0.000000 0.878453
007300 0.111 0.011498 0.000000 0.877818
007400 0.110 0.011826 0.000000 0.877765
007500 0.111 0.011182 0.000000 0.877984
007600 0.111 0.010928 0.000000 0.878267
007700 0.111 0.011349 0.000000 0.877864
007800 0.111 0.010713 0.000000 0.878294
007900 0.111 0.011732 0.000000 0.877231
008000 0.111 0.010942 0.000000 0.877759
008100 0.112 0.011034 0.000000 0.876677
008200 0.113 0.010628 0.000000 0.876804
008300 0.112 0.011205 0.000000 0.876442
008400 0.113 0.011294 0.000000 0.875944
008500 0.113 0.010904 0.000000 0.875703
008600 0.113 0.010385 0.000000 0.876338
008700 0.113 0.010984 0.000000 0.875874
008800 0.114 0.011303 0.000000 0.875057
008900 0.114 0.011108 0.000000 0.874985
009000 0.113 0.010917 0.000000 0.876033
009100 0.112 0.010417 0.000000 0.877353
009200 0.112 0.010205 0.000000 0.877553
009300 0.112 0.010321 0.000000 0.877519
009400 0.113 0.009656 0.000000 0.877369
009500 0.113 0.010291 0.000000 0.876915
009600 0.113 0.010528 0.000000 0.876940
009700 0.113 0.010954 0.000000 0.876426
009800 0.113 0.011431 0.000000 0.875976
009900 0.113 0.011802 0.000000 0.875160
010000 0.113 0.011813 0.000000 0.874733
010100 0.114 0.012995 0.000000 0.872976
010200 0.114 0.012562 0.000000 0.873012
010300 0.115 0.012712 0.000000 0.872231
010400 0.114 0.012632 0.000000 0.873083
010500 0.115 0.012286 0.000000 0.873019
010600 0.115 0.012297 0.000000 0.872408
010700 0.116 0.012544 0.000000 0.871823
010800 0.116 0.012716 0.000000 0.871483
010900 0.116 0.012772 0.000000 0.871437
011000 0.115 0.012374 0.000000 0.872190
011100 0.115 0.012847 0.000000 0.872492
011200 0.114 0.012757 0.000000 0.872846
011300 0.114 0.012808 0.000000 0.873009
011400 0.114 0.012999 0.000000 0.873026
011500 0.114 0.013275 0.000000 0.872377
011600 0.115 0.012513 0.000000 0.872897
011700 0.115 0.013456 0.000000 0.872034
011800 0.114 0.012394 0.000000 0.873144
011900 0.114 0.012146 0.000000 0.873805
012000 0.114 0.012617 0.000000 0.873749
012100 0.113 0.013213 0.000000 0.873344
012200 0.113 0.013062 0.000000 0.874187
012300 0.112 0.013728 0.000000 0.874284
012400 0.113 0.014433 0.000000 0.872771
012500 0.113 0.013783 0.000000 0.872978
012600 0.113 0.014626 0.000000 0.872220
012700 0.113 0.014985 0.000000 0.872225
012800 0.113 0.014889 0.000000 0.872354
012900 0.112 0.016272 0.000000 0.871536
013000 0.113 0.016746 0.000000 0.870735
013100 0.113 0.016717 0.000000 0.870374
013200 0.114 0.016569 0.000000 0.869624
013300 0.114 0.016428 0.000000 0.869774
013400 0.114 0.016371 0.000000 0.870012
013500 0.114 0.016425 0.000000 0.870049
013600 0.114 0.016324 0.000000 0.869881
013700 0.114 0.016213 0.000000 0.869708
013800 0.113 0.017137 0.000000 0.869579
013900 0.113 0.016749 0.000000 0.869932
014000 0.113 0.016672 0.000000 0.869897
014100 0.114 0.016941 0.000000 0.869277
014200 0.113 0.017569 0.000000 0.869088
014300 0.114 0.018623 0.000000 0.867674
014400 0.114 0.019324 0.000000 0.866653
014500 0.114 0.018805 0.000000 0.867469
014600 0.114 0.018135 0.000000 0.867812
014700 0.115 0.017092 0.000000 0.868199
014800 0.114 0.017376 0.000000 0.868373
014900 0.114 0.017564 0.000000 0.868215
015000 0.114 0.017901 0.000000 0.868315
015100 0.114 0.018284 0.000000 0.867984
015200 0.114 0.017446 0.000000 0.868962
015300 0.114 0.017140 0.000000 0.869066
015400 0.114 0.017674 0.000000 0.868698
015500 0.114 0.017348 0.000000 0.869088
015600 0.114 0.017647 0.000000 0.868458
015700 0.115 0.017691 0.000000 0.867356
015800 0.115 0.017084 0.000000 0.867790
015900 0.115 0.016626 0.000000 0.867982
016000 0.116 0.017550 0.000000 0.866752
016100 0.117 0.017180 0.000000 0.865865
016200 0.117 0.017335 0.000000 0.865643
016300 0.117 0.017327 0.000000 0.865277
016400 0.117 0.017439 0.000000 0.865308
016500 0.117 0.017056 0.000000 0.865922
016600 0.117 0.017348 0.000000 0.865836
016700 0.117 0.017530 0.000000 0.865305
016800 0.116 0.017547 0.000000 0.866053
016900 0.116 0.017471 0.000000 0.866533
017000 0.116 0.018053 0.000000 0.866194
017100 0.115 0.017935 0.000000 0.866839
017200 0.115 0.019374 0.000000 0.865162
017300 0.116 0.019183 0.000000 0.865316
017400 0.115 0.019939 0.000000 0.864924
017500 0.115 0.020019 0.000000 0.864669
017600 0.117 0.020503 0.000000 0.862900
017700 0.117 0.019432 0.000000 0.863358
017800 0.117 0.018759 0.000000 0.863849
017900 0.117 0.018298 0.000000 0.864581
018000 0.117 0.017876 0.000000 0.864949
018100 0.117 0.018592 0.000000 0.864495
018200 0.117 0.018529 0.000000 0.864092
018300 0.118 0.018381 0.000000 0.863403
018400 0.119 0.017398 0.000000 0.863548
018500 0.119 0.017669 0.000000 0.863510
018600 0.119 0.018019 0.000000 0.862682
018700 0.121 0.017565 0.000000 0.861909
018800 0.121 0.017303 0.000000 0.861647
018900 0.122 0.016625 0.000000 0.861641
019000 0.122 0.017075 0.000000 0.860601
019100 0.123 0.015824 0.000000 0.861126
019200 0.124 0.016360 0.000000 0.860058
019300 0.123 0.016288 0.000000 0.860905
019400 0.122 0.017414 0.000000 0.860096
019500 0.123 0.016863 0.000000 0.860004
019600 0.123 0.017019 0.000000 0.860202
019700 0.123 0.017533 0.000000 0.859338
019800 0.124 0.017926 0.000000 0.857955
019900 0.125 0.017273 0.000000 0.857921
020000 0.124 0.017732 0.000000 0.858353
020100 0.124 0.017147 0.000000 0.859090
020200 0.124 0.017242 0.000000 0.858280
020300 0.125 0.016272 0.000000 0.858944
020400 0.126 0.015607 0.000000 0.858459
020500 0.126 0.014889 0.000000 0.858648
020600 0.127 0.014825 0.000000 0.857774
020700 0.129 0.015440 0.000000 0.855969
020800 0.128 0.014510 0.000000 0.857026
020900 0.128 0.014519 0.000000 0.857215
021000 0.128 0.014248 0.000000 0.857729
021100 0.128 0.014081 0.000000 0.857582
021200 0.128 0.014221 0.000000 0.857845
021300 0.127 0.014905 0.000000 0.857953
021400 0.126 0.015782 0.000000 0.858308
021500 0.126 0.015143 0.000000 0.859183
021600 0.126 0.016139 0.000000 0.858270
021700 0.126 0.016620 0.000000 0.857519
021800 0.126 0.016804 0.000000 0.856772
021900 0.128 0.016901 0.000000 0.855240
022000 0.128 0.017225 0.000000 0.854353
022100 0.128 0.017618 0.000000 0.854711
022200 0.128 0.017628 0.000000 0.854766
022300 0.128 0.017023 0.000000 0.854696
022400 0.129 0.016237 0.000000 0.855239
022500 0.129 0.015856 0.000000 0.855019
022600 0.130 0.016056 0.000000 0.854030
022700 0.130 0.015876 0.000000 0.854050
022800 0.131 0.016079 0.000000 0.852894
022900 0.131 0.016352 0.000000 0.852247
023000 0.131 0.016280 0.000000 0.852828
023100 0.131 0.017110 0.000000 0.851731
023200 0.132 0.016391 0.000000 0.851497
023300 0.132 0.016881 0.000000 0.851321
023400 0.132 0.016218 0.000000 0.852151
023500 0.132 0.016822 0.000000 0.851484
023600 0.132 0.016886 0.000000 0.851406
023700 0.131 0.017171 0.000000 0.851601
023800 0.131 0.017899 0.000000 0.850758
023900 0.131 0.017803 0.000000 0.851032
024000 0.131 0.018563 0.000000 0.850902
024100 0.130 0.017829 0.000000 0.852056
024200 0.130 0.017996 0.000000 0.852464
024300 0.129 0.017187 0.000000 0.853853
024400 0.129 0.018000 0.000000 0.852906
024500 0.129 0.017871 0.000000 0.852788
024600 0.130 0.017621 0.000000 0.852667
024700 0.131 0.017242 0.000000 0.852250
024800 0.130 0.017795 0.000000 0.852627
024900 0.129 0.017694 0.000000 0.853237
025000 0.129 0.016492 0.000000 0.854574
025100 0.128 0.017180 0.000000 0.854774
025200 0.128 0.016617 0.000000 0.855339
025300 0.129 0.017418 0.000000 0.854067
025400 0.129 0.017418 0.000000 0.854067
025500 0.129 0.017418 0.000000 0.854067
025600 0.129 0.017418 0.000000 0.854067
025700 0.129 0.017418 0.000000 0.854067
025800 0.129 0.017418 0.000000 0.854067
025900 0.129 0.017418 0.000000 0.854067
026000 0.129 0.017418 0.000000 0.854067
026100 0.129 0.017418 0.000000 0.854067
026200 0.129 0.017418 0.000000 0.854067
026300 0.129 0.017418 0.000000 0.854067
026400 0.129 0.017418 0.000000 0.854067
026500 0.129 0.017418 0.000000 0.854067
026600 0.129 0.017418 0.000000 0.854067
026700 0.129 0.017418 0.000000 0.854067
026800 0.129 0.017418 0.000000 0.854067
026900 0.129 0.017418 0.000000 0.854067
027000 0.129 0.017418 0.000000 0.854067
027100 0.129 0.017418 0.000000 0.854067
027200 0.129 0.017418 0.000000 0.854067
027300 0.129 0.017418 0.000000 0.854067
027400 0.129 0.017418 0.000000 0.854067
027500 0.129 0.017418 0.000000 0.854067
027600 0.129 0.017418 0.000000 0.854067
027700 0.129 0.017418 0.000000 0.854067
027800 0.129 0.017418 0.000000 0.854067
027900 0.129 0.017418 0.000000 0.854067
028000 0.129 0.017418 0.000000 0.854067
028100 0.129 0.017418 0.000000 0.854067
028200 0.129 0.017418 0.000000 0.854067
028300 0.129 0.017418 0.000000 0.854067
028400 0.129 0.017418 0.000000 0.854067
028500 0.129 0.017418 0.000000 0.854067
028600 0.129 0.017418 0.000000 0.854067
028700 0.129 0.017418 0.000000 0.854067
028800 0.129 0.017418 0.000000 0.854067
028900 0.129 0.017418 0.000000 0.854067
029000 0.129 0.017418 0.000000 0.854067
029100 0.129 0.017418 0.000000 0.854067
029200 0.129 0.017418 0.000000 0.854067
029300 0.129 0.017418 0.000000 0.854067
029400 0.129 0.017418 0.000000 0.854067
029500 0.129 0.017418 0.000000 0.854067
029600 0.129 0.017418 0.000000 0.854067
029700 0.129 0.017418 0.000000 0.854067
029800 0.129 0.017418 0.000000 0.854067
029900 0.129 0.017418 0.000000 0.854067
030000 0.129 0.017418 0.000000 0.854067
030100 0.129 0.017418 0.000000 0.854067
030200 0.129 0.017418 0.000000 0.854067
030300 0.129 0.017418 0.000000 0.854067
030400 0.129 0.017418 0.000000 0.854067
030500 0.129 0.017418 0.000000 0.854067
030600 0.129 0.017418 0.000000 0.854067
030700 0.129 0.017418 0.000000 0.854067
030800 0.129 0.017418 0.000000 0.854067
030900 0.129 0.017418 0.000000 0.854067
031000 0.129 0.017418 0.000000 0.854067
031100 0.129 0.017418 0.000000 0.854067
031200 0.129 0.017418 0.000000 0.854067
031300 0.129 0.017418 0.000000 0.854067
031400 0.129 0.017418 0.000000 0.854067
031500 0.129 0.017418 0.000000 0.854067
031600 0.129 0.017418 0.000000 0.854067
031700 0.129 0.017418 0.000000 0.854067
031800 0.129 0.017418 0.000000 0.854067
031900 0.129 0.017418 0.000000 0.854067
032000 0.129 0.017418 0.000000 0.854067
032100 0.129 0.017418 0.000000 0.854067
032200 0.129 0.017418 0.000000 0.854067
032300 0.129 0.017418 0.000000 0.854067
032400 0.129 0.017418 0.000000 0.854067
032500 0.129 0.017418 0.000000 0.854067
032600 0.129 0.017418 0.000000 0.854067
032700 0.129 0.017418 0.000000 0.854067
032800 0.129 0.017418 0.000000 0.854067
032900 0.129 0.017418 0.000000 0.854067
033000 0.129 0.017418 0.000000 0.854067
033100 0.129 0.017418 0.000000 0.854067
033200 0.129 0.017418 0.000000 0.854067
033300 0.129 0.017418 0.000000 0.854067
033400 0.129 0.017418 0.000000 0.854067
033500 0.129 0.017418 0.000000 0.854067
033600 0.129 0.017418 0.000000 0.854067
033700 0.129 0.017418 0.000000 0.854067
033800 0.129 0.017418 0.000000 0.854067
033900 0.129 0.017418 0.000000 0.854067
034000 0.129 0.017418 0.000000 0.854067
034100 0.129 0.017418 0.000000 0.854067
034200 0.129 0.017418 0.000000 0.854067
034300 0.129 0.017418 0.000000 0.854067
034400 0.129 0.017418 0.000000 0.854067
034500 0.129 0.017418 0.000000 0.854067
034600 0.129 0.017418 0.000000 0.854067
034700 0.129 0.017418 0.000000 0.854067
034800 0.129 0.017418 0.000000 0.854067
034900 0.129 0.017418 0.000000 0.854067
035000 0.129 0.017418 0.000000 0.854067
035100 0.129 0.017418 0.000000 0.854067
035200 0.129 0.017418 0.000000 0.854067
035300 0.129 0.017418 0.000000 0.854067
035400 0.129 0.017418 0.000000 0.854067
035500 0.129 0.017418 0.000000 0.854067
035600 0.129 0.017418 0.000000 0.854067
035700 0.129 0.017418 0.000000 0.854067
035800 0.129 0.017418 0.000000 0.854067
035900 0.129 0.017418 0.000000 0.854067
036000 0.129 0.017418 0.000000 0.854067
036100 0.129 0.017418 0.000000 0.854067
036200 0.129 0.017418 0.000000 0.854067
036300 0.129 0.017418 0.000000 0.854067
036400 0.129 0.017418 0.000000 0.854067
036500 0.129 0.017418 0.000000 0.854067
036600 0.129 0.017418 0.000000 0.854067
036700 0.129 0.017418 0.000000 0.854067
036800 0.129 0.017418 0.000000 0.854067
036900 0.129 0.017418 0.000000 0.854067
037000 0.129 0.017418 0.000000 0.854067
037100 0.129 0.017418 0.000000 0.854067
037200 0.129 0.017418 0.000000 0.854067
037300 0.129 0.017418 0.000000 0.854067
037400 0.129 0.017418 0.000000 0.854067
037500 0.129 0.017418 0.000000 0.854067
037600 0.129 0.017418 0.000000 0.854067
037700 0.129 0.017418 0.000000 0.854067
037800 0.129 0.017418 0.000000 0.854067
037900 0.129 0.017418 0.000000 0.854067
038000 0.129 0.017418 0.000000 0.854067
038100 0.129 0.017418 0.000000 0.854067
038200 0.129 0.017418 0.000000 0.854067
038300 0.129 0.017418 0.000000 0.854067
038400 0.129 0.017418 0.000000 0.854067
038500 0.129 0.017418 0.000000 0.854067
038600 0.129 0.017418 0.000000 0.854067
038700 0.129 0.017418 0.000000 0.854067
038800 0.129 0.017418 0.000000 0.854067
038900 0.129 0.017418 0.000000 0.854067
039000 0.129 0.017418 0.000000 0.854067
039100 0.129 0.017418 0.000000 0.854067
039200 0.129 0.017418 0.000000 0.854067
039300 0.129 0.017418 0.000000 0.854067
039400 0.129 0.017418 0.000000 0.854067
039500 0.129 0.017418 0.000000 0.854067
039600 0.129 0.017418 0.000000 0.854067
039700 0.129 0.017418 0.000000 0.854067
039800 0.129 0.017418 0.000000 0.854067
039900 0.129 0.017418 0.000000 0.854067
040000 0.129 0.017418 0.000000 0.854067
040100 0.129 0.017418 0.000000 0.854067
040200 0.129 0.017418 0.000000 0.854067
040300 0.129 0.017418 0.000000 0.854067
040400 0.129 0.017418 0.000000 0.854067
040500 0.129 0.017418 0.000000 0.854067
040600 0.129 0.017418 0.000000 0.854067
040700 0.129 0.017418 0.000000 0.854067
040800 0.129 0.017418 0.000000 0.854067
040900 0.129 0.017418 0.000000 0.854067
041000 0.129 0.017418 0.000000 0.854067
041100 0.129 0.017418 0.000000 0.854067
041200 0.129 0.017418 0.000000 0.854067
041300 0.129 0.017418 0.000000 0.854067
041400 0.129 0.017418 0.000000 0.854067
041500 0.129 0.017418 0.000000 0.854067
041600 0.129 0.017418 0.000000 0.854067
041700 0.129 0.017418 0.000000 0.854067
041800 0.129 0.017418 0.000000 0.854067
041900 0.129 0.017418 0.000000 0.854067
042000 0.129 0.017418 0.000000 0.854067
042100 0.129 0.017418 0.000000 0.854067
042200 0.129 0.017418 0.000000 0.854067
042300 0.129 0.017418 0.000000 0.854067
042400 0.129 0.017418 0.000000 0.854067
042500 0.129 0.017418 0.000000 0.854067
042600 0.129 0.017418 0.000000 0.854067
042700 0.129 0.017418 0.000000 0.854067
042800 0.129 0.017418 0.000000 0.854067
042900 0.129 0.017418 0.000000 0.854067
043000 0.129 0.017418 0.000000 0.854067
043100 0.129 0.017418 0.000000 0.854067
043200 0.129 0.017418 0.000000 0.854067
043300 0.129 0.017418 0.000000 0.854067
043400 0.129 0.017418 0.000000 0.854067
043500 0.129 0.017418 0.000000 0.854067
043600 0.129 0.017418 0.000000 0.854067
043700 0.129 0.017418 0.000000 0.854067
043800 0.129 0.017418 0.000000 0.854067
043900 0.129 0.017418 0.000000 0.854067
044000 0.129 0.017418 0.000000 0.854067
044100 0.129 0.017418 0.000000 0.854067
044200 0.129 0.017418 0.000000 0.854067
044300 0.129 0.017418 0.000000 0.854067
044400 0.129 0.017418 0.000000 0.854067
044500 0.129 0.017418 0.000000 0.854067
044600 0.129 0.017418 0.000000 0.854067
044700 0.129 0.017418 0.000000 0.854067
044800 0.129 0.017418 0.000000 0.854067
044900 0.129 0.017418 0.000000 0.854067
045000 0.129 0.017418 0.000000 0.854067
045100 0.129 0.017418 0.000000 0.854067
045200 0.129 0.017418 0.000000 0.854067
045300 0.129 0.017418 0.000000 0.854067
045400 0.129 0.017418 0.000000 0.854067
045500 0.129 0.017418 0.000000 0.854067
045600 0.129 0.017418 0.000000 0.854067
045700 0.129 0.017418 0.000000 0.854067
045800 0.129 0.017418 0.000000 0.854067
045900 0.129 0.017418 0.000000 0.854067
046000 0.129 0.017418 0.000000 0.854067
046100 0.129 0.017418 0.000000 0.854067
046200 0.129 0.017418 0.000000 0.854067
046300 0.129 0.017418 0.000000 0.854067
046400 0.129 0.017418 0.000000 0.854067
046500 0.129 0.017418 0.000000 0.854067
046600 0.129 0.017418 0.000000 0.854067
046700 0.129 0.017418 0.000000 0.854067
046800 0.129 0.017418 0.000000 0.854067
046900 0.129 0.017418 0.000000 0.854067
047000 0.129 0.017418 0.000000 0.854067
047100 0.129 0.017418 0.000000 0.854067
047200 0.129 0.017418 0.000000 0.854067
047300 0.129 0.017418 0.000000 0.854067
047400 0.129 0.017418 0.000000 0.854067
047500 0.129 0.017418 0.000000 0.854067
047600 0.129 0.017418 0.000000 0.854067
047700 0.129 0.017418 0.000000 0.854067
047800 0.129 0.017418 0.000000 0.854067
047900 0.129 0.017418 0.000000 0.854067
048000 0.129 0.017418 0.000000 0.854067
048100 0.129 0.017418 0.000000 0.854067
048200 0.129 0.017418 0.000000 0.854067
048300 0.129 0.017418 0.000000 0.854067
048400 0.129 0.017418 0.000000 0.854067
048500 0.129 0.017418 0.000000 0.854067
048600 0.129 0.017418 0.000000 0.854067
048700 0.129 0.017418 0.000000 0.854067
048800 0.129 0.017418 0.000000 0.854067
048900 0.129 0.017418 0.000000 0.854067
049000 0.129 0.017418 0.000000 0.854067
049100 0.129 0.017418 0.000000 0.854067
049200 0.129 0.017418 0.000000 0.854067
049300 0.129 0.017418 0.000000 0.854067
049400 0.129 0.017418 0.000000 0.854067
049500 0.129 0.017418 0.000000 0.854067
049600 0.129 0.017418 0.000000 0.854067
049700 0.129 0.017418 0.000000 0.854067
049800 0.129 0.017418 0.000000 0.854067
049900 0.129 0.017418 0.000000 0.854067
050000 0.129 0.017418 0.000000 0.854067
