000000 0.249 0.250330 0.250385 0.249857
000100 0.948 0.012770 0.011826 0.027094
000200 0.977 0.004842 0.002729 0.015618
000300 0.980 0.003337 0.001227 0.015159
000400 0.977 0.002729 0.000801 0.019706
000500 0.969 0.002431 0.000923 0.027922
000600 0.956 0.002637 0.001060 0.040681
000700 0.940 0.002737 0.001278 0.056033
000800 0.920 0.003046 0.001264 0.075634
000900 0.900 0.003744 0.001300 0.095272
001000 0.878 0.003890 0.001242 0.116597
001100 0.858 0.004467 0.001156 0.136709
001200 0.838 0.005394 0.001412 0.155349
001300 0.820 0.005890 0.001241 0.172967
001400 0.801 0.006408 0.001211 0.191199
001500 0.783 0.006843 0.001225 0.208918
001600 0.765 0.008166 0.001217 0.225404
001700 0.749 0.009358 0.001316 0.240223
001800 0.733 0.009958 0.001496 0.255533
001900 0.716 0.010435 0.001550 0.271594
002000 0.700 0.011081 0.001967 0.286932
002100 0.684 0.011049 0.001962 0.302785
002200 0.668 0.011676 0.001739 0.318876
002300 0.653 0.012053 0.001864 0.333206
002400 0.639 0.013003 0.002278 0.345797
002500 0.624 0.013244 0.002517 0.360629
002600 0.609 0.013883 0.002531 0.374253
002700 0.595 0.015069 0.002301 0.387283
002800 0.580 0.015730 0.002123 0.402154
002900 0.563 0.015742 0.002023 0.418966
003000 0.549 0.016452 0.001833 0.432776
003100 0.533 0.017097 0.002019 0.447700
003200 0.518 0.017622 0.001988 0.462561
003300 0.503 0.017129 0.001817 0.477731
003400 0.488 0.017118 0.002037 0.492494
003500 0.474 0.017389 0.001726 0.507014
003600 0.461 0.018274 0.001587 0.519610
003700 0.447 0.018912 0.001662 0.532483
003800 0.433 0.019690 0.001697 0.545342
003900 0.420 0.019786 0.001767 0.558481
004000 0.406 0.020947 0.001822 0.570847
004100 0.392 0.020389 0.001800 0.585746
004200 0.380 0.020989 0.001951 0.597233
004300 0.368 0.021369 0.001806 0.609103
004400 0.356 0.021867 0.001934 0.620619
004500 0.344 0.022187 0.001930 0.631806
004600 0.332 0.022709 0.001697 0.643167
004700 0.319 0.023662 0.001874 0.655061
004800 0.308 0.023226 0.001701 0.666653
004900 0.296 0.023563 0.001875 0.678594
005000 0.289 0.023151 0.002051 0.686071
005100 0.278 0.023994 0.001764 0.695753
005200 0.269 0.024485 0.001659 0.704752
005300 0.260 0.024926 0.001378 0.713735
005400 0.252 0.025217 0.001335 0.721208
005500 0.245 0.025829 0.001426 0.727431
005600 0.240 0.026157 0.001819 0.731750
005700 0.236 0.026269 0.002047 0.736110
005800 0.232 0.026360 0.002211 0.739787
005900 0.226 0.026733 0.002367 0.744487
006000 0.223 0.026672 0.002526 0.747992
006100 0.219 0.027207 0.002666 0.750723
006200 0.217 0.026185 0.002442 0.754251
006300 0.214 0.027166 0.002258 0.756972
006400 0.212 0.027019 0.002542 0.758680
006500 0.208 0.027350 0.002382 0.762126
006600 0.206 0.028605 0.002418 0.762692
006700 0.206 0.027780 0.002291 0.763648
006800 0.203 0.028442 0.002277 0.765823
006900 0.203 0.027619 0.002406 0.767217
007000 0.202 0.027585 0.002499 0.767566
007100 0.202 0.027093 0.002338 0.768331
007200 0.201 0.027701 0.002086 0.768912
007300 0.200 0.027923 0.002283 0.769350
007400 0.202 0.028140 0.002493 0.767572
007500 0.201 0.028126 0.002620 0.767895
007600 0.203 0.027999 0.003083 0.766012
007700 0.205 0.028573 0.003047 0.763613
007800 0.206 0.028175 0.002956 0.762636
007900 0.207 0.027919 0.002728 0.762567
008000 0.207 0.027466 0.002965 0.762735
008100 0.206 0.027658 0.003280 0.762705
008200 0.207 0.026950 0.003150 0.762701
008300 0.208 0.027920 0.003033 0.761236
008400 0.209 0.027287 0.003068 0.760638
008500 0.209 0.027547 0.003488 0.760022
008600 0.210 0.027351 0.003762 0.758601
008700 0.211 0.027354 0.003726 0.757900
008800 0.211 0.028479 0.004451 0.755952
008900 0.213 0.027401 0.004498 0.755265
009000 0.213 0.027415 0.003986 0.755189
009100 0.214 0.027218 0.003920 0.754550
009200 0.215 0.027496 0.003748 0.753464
009300 0.214 0.027476 0.003371 0.755006
009400 0.213 0.027804 0.003183 0.755758
009500 0.213 0.028037 0.002877 0.755638
009600 0.214 0.028172 0.003101 0.755028
009700 0.214 0.027847 0.002938 0.754717
009800 0.215 0.027800 0.002926 0.754699
009900 0.215 0.027217 0.003353 0.754299
010000 0.217 0.026514 0.003391 0.753169
010100 0.216 0.026518 0.003160 0.754599
010200 0.216 0.026128 0.002984 0.754647
010300 0.217 0.026510 0.002706 0.753808
010400 0.217 0.027451 0.002710 0.752463
010500 0.219 0.026373 0.002756 0.752160
010600 0.220 0.027688 0.002685 0.749919
010700 0.221 0.027649 0.002635 0.748631
010800 0.221 0.026219 0.003000 0.750032
010900 0.220 0.026725 0.003177 0.749872
011000 0.221 0.026980 0.003108 0.748942
011100 0.221 0.027394 0.003138 0.748689
011200 0.221 0.028135 0.003363 0.747507
011300 0.220 0.028849 0.003037 0.747686
011400 0.220 0.029292 0.003466 0.747027
011500 0.221 0.029551 0.003492 0.746430
011600 0.222 0.028455 0.003272 0.746406
011700 0.222 0.028503 0.003293 0.746173
011800 0.222 0.028488 0.003054 0.746656
011900 0.223 0.027489 0.002948 0.746438
012000 0.223 0.027169 0.003158 0.746506
012100 0.223 0.027399 0.003243 0.746553
012200 0.223 0.027733 0.003225 0.745774
012300 0.223 0.027628 0.003544 0.745760
012400 0.222 0.027637 0.003687 0.746292
012500 0.222 0.028154 0.003828 0.746417
012600 0.222 0.027734 0.004363 0.745607
012700 0.221 0.027116 0.004419 0.747030
012800 0.221 0.027124 0.004160 0.747274
012900 0.221 0.027554 0.004601 0.746492
013000 0.222 0.026864 0.004509 0.746369
013100 0.223 0.026637 0.004465 0.746033
013200 0.222 0.026319 0.004571 0.746674
013300 0.223 0.026416 0.005183 0.745858
013400 0.221 0.026035 0.005371 0.747544
013500 0.223 0.026755 0.004965 0.745728
013600 0.223 0.025948 0.004608 0.746319
013700 0.222 0.026880 0.004724 0.746556
013800 0.222 0.026151 0.004938 0.747317
013900 0.223 0.026885 0.004518 0.745976
014000 0.222 0.025513 0.004959 0.747326
014100 0.224 0.026797 0.005178 0.744080
014200 0.225 0.027008 0.005492 0.742331
014300 0.226 0.026565 0.006232 0.741360
014400 0.227 0.025597 0.005463 0.742128
014500 0.225 0.025842 0.005080 0.744290
014600 0.226 0.026582 0.005163 0.742528
014700 0.226 0.027492 0.004934 0.742003
014800 0.224 0.027406 0.004860 0.743401
014900 0.226 0.027740 0.004354 0.741824
015000 0.228 0.026692 0.004486 0.741156
015100 0.227 0.026535 0.004540 0.741499
015200 0.228 0.026931 0.004469 0.740317
015300 0.227 0.026127 0.004460 0.742264
015400 0.226 0.025918 0.004516 0.743379
015500 0.227 0.025823 0.004547 0.743094
015600 0.226 0.025916 0.004377 0.743417
015700 0.227 0.027217 0.004604 0.741108
015800 0.228 0.026763 0.004452 0.741140
015900 0.228 0.026503 0.004114 0.741708
016000 0.228 0.026064 0.004364 0.741367
016100 0.227 0.026481 0.004172 0.742352
016200 0.226 0.026074 0.004262 0.743682
016300 0.226 0.025041 0.004317 0.744596
016400 0.226 0.025591 0.004048 0.744127
016500 0.228 0.025082 0.003758 0.743551
016600 0.229 0.026101 0.004236 0.740953
016700 0.228 0.025746 0.004208 0.741613
016800 0.228 0.025977 0.004158 0.741421
016900 0.228 0.026360 0.004477 0.741256
017000 0.227 0.026069 0.004369 0.742465
017100 0.227 0.026263 0.004440 0.741802
017200 0.227 0.026517 0.004313 0.741895
017300 0.227 0.026992 0.004136 0.742311
017400 0.226 0.027217 0.004581 0.742128
017500 0.226 0.027595 0.004612 0.741865
017600 0.225 0.027837 0.004283 0.743231
017700 0.226 0.028584 0.003922 0.741581
017800 0.227 0.028654 0.003707 0.740429
017900 0.229 0.027848 0.003835 0.739010
018000 0.232 0.026916 0.003674 0.737371
018100 0.232 0.026965 0.003460 0.737576
018200 0.233 0.027458 0.003828 0.736193
018300 0.234 0.027201 0.004185 0.734922
018400 0.233 0.026958 0.004099 0.736112
018500 0.233 0.027347 0.003863 0.735420
018600 0.233 0.026974 0.003738 0.736019
018700 0.234 0.026473 0.003671 0.736251
018800 0.236 0.026733 0.004074 0.733597
018900 0.237 0.025924 0.004322 0.733038
019000 0.237 0.024591 0.004667 0.734094
019100 0.236 0.025141 0.004920 0.734174
019200 0.236 0.025476 0.005085 0.733224
019300 0.236 0.024652 0.005368 0.733713
019400 0.237 0.024531 0.004789 0.733980
019500 0.234 0.024167 0.005360 0.736244
019600 0.234 0.024510 0.004725 0.736549
019700 0.235 0.024480 0.005020 0.735958
019800 0.235 0.024617 0.005083 0.735756
019900 0.234 0.024847 0.005197 0.735558
020000 0.235 0.025810 0.005403 0.734160
020100 0.235 0.025751 0.005135 0.734172
020200 0.235 0.026003 0.005303 0.733333
020300 0.234 0.026269 0.005817 0.733687
020400 0.236 0.026874 0.005767 0.731633
020500 0.237 0.027456 0.005931 0.729633
020600 0.238 0.028372 0.006151 0.727438
020700 0.239 0.027088 0.006403 0.727474
020800 0.239 0.027379 0.006491 0.726851
020900 0.239 0.027608 0.006631 0.726749
021000 0.238 0.028581 0.006719 0.726563
021100 0.238 0.029033 0.007041 0.725597
021200 0.239 0.028484 0.007432 0.725546
021300 0.239 0.029241 0.007858 0.723752
021400 0.239 0.029058 0.007974 0.724033
021500 0.240 0.030703 0.007400 0.721683
021600 0.240 0.031184 0.007441 0.721674
021700 0.241 0.031428 0.007494 0.720273
021800 0.241 0.030223 0.007422 0.721046
021900 0.241 0.029547 0.007516 0.722104
022000 0.240 0.029517 0.007926 0.722265
022100 0.240 0.029081 0.008107 0.722370
022200 0.241 0.028489 0.008320 0.722612
022300 0.241 0.029206 0.007635 0.722645
022400 0.240 0.029039 0.007542 0.723470
022500 0.238 0.029956 0.008188 0.723682
022600 0.238 0.030285 0.008152 0.723620
022700 0.239 0.030111 0.008171 0.723068
022800 0.239 0.030449 0.008073 0.722597
022900 0.239 0.029474 0.008195 0.723543
023000 0.237 0.029643 0.007915 0.725042
023100 0.237 0.029389 0.007057 0.726394
023200 0.237 0.028338 0.006943 0.727481
023300 0.237 0.029072 0.006573 0.727738
023400 0.237 0.028754 0.006630 0.727418
023500 0.237 0.028256 0.006438 0.727931
023600 0.237 0.028819 0.005921 0.728565
023700 0.238 0.027851 0.006368 0.728031
023800 0.238 0.027977 0.006397 0.728069
023900 0.239 0.028065 0.006712 0.726022
024000 0.240 0.029026 0.006594 0.724136
024100 0.242 0.029468 0.006303 0.722008
024200 0.243 0.030036 0.006920 0.720122
024300 0.245 0.029804 0.006985 0.718161
024400 0.245 0.030461 0.006588 0.717578
024500 0.246 0.029727 0.007088 0.717459
024600 0.246 0.028911 0.007241 0.718240
024700 0.246 0.028501 0.007866 0.717356
024800 0.246 0.028253 0.008343 0.717858
024900 0.246 0.027121 0.008671 0.717799
025000 0.246 0.026930 0.008255 0.718917
025100 0.244 0.027538 0.008497 0.719572
025200 0.244 0.027885 0.009521 0.718185
025300 0.245 0.028471 0.009331 0.717597
025400 0.245 0.028471 0.009331 0.717597
025500 0.245 0.028471 0.009331 0.717597
025600 0.245 0.028471 0.009331 0.717597
025700 0.245 0.028471 0.009331 0.717597
025800 0.245 0.028471 0.009331 0.717597
025900 0.245 0.028471 0.009331 0.717597
026000 0.245 0.028471 0.009331 0.717597
026100 0.245 0.028471 0.009331 0.717597
026200 0.245 0.028471 0.009331 0.717597
026300 0.245 0.028471 0.009331 0.717597
026400 0.245 0.028471 0.009331 0.717597
026500 0.245 0.028471 0.009331 0.717597
026600 0.245 0.028471 0.009331 0.717597
026700 0.245 0.028471 0.009331 0.717597
026800 0.245 0.028471 0.009331 0.717597
026900 0.245 0.028471 0.009331 0.717597
027000 0.245 0.028471 0.009331 0.717597
027100 0.245 0.028471 0.009331 0.717597
027200 0.245 0.028471 0.009331 0.717597
027300 0.245 0.028471 0.009331 0.717597
027400 0.245 0.028471 0.009331 0.717597
027500 0.245 0.028471 0.009331 0.717597
027600 0.245 0.028471 0.009331 0.717597
027700 0.245 0.028471 0.009331 0.717597
027800 0.245 0.028471 0.009331 0.717597
027900 0.245 0.028471 0.009331 0.717597
028000 0.245 0.028471 0.009331 0.717597
028100 0.245 0.028471 0.009331 0.717597
028200 0.245 0.028471 0.009331 0.717597
028300 0.245 0.028471 0.009331 0.717597
028400 0.245 0.028471 0.009331 0.717597
028500 0.245 0.028471 0.009331 0.717597
028600 0.245 0.028471 0.009331 0.717597
028700 0.245 0.028471 0.009331 0.717597
028800 0.245 0.028471 0.009331 0.717597
028900 0.245 0.028471 0.009331 0.717597
029000 0.245 0.028471 0.009331 0.717597
029100 0.245 0.028471 0.009331 0.717597
029200 0.245 0.028471 0.009331 0.717597
029300 0.245 0.028471 0.009331 0.717597
029400 0.245 0.028471 0.009331 0.717597
029500 0.245 0.028471 0.009331 0.717597
029600 0.245 0.028471 0.009331 0.717597
029700 0.245 0.028471 0.009331 0.717597
029800 0.245 0.028471 0.009331 0.717597
029900 0.245 0.028471 0.009331 0.717597
030000 0.245 0.028471 0.009331 0.717597
030100 0.245 0.028471 0.009331 0.717597
030200 0.245 0.028471 0.009331 0.717597
030300 0.245 0.028471 0.009331 0.717597
030400 0.245 0.028471 0.009331 0.717597
030500 0.245 0.028471 0.009331 0.717597
030600 0.245 0.028471 0.009331 0.717597
030700 0.245 0.028471 0.009331 0.717597
030800 0.245 0.028471 0.009331 0.717597
030900 0.245 0.028471 0.009331 0.717597
031000 0.245 0.028471 0.009331 0.717597
031100 0.245 0.028471 0.009331 0.717597
031200 0.245 0.028471 0.009331 0.717597
031300 0.245 0.028471 0.009331 0.717597
031400 0.245 0.028471 0.009331 0.717597
031500 0.245 0.028471 0.009331 0.717597
031600 0.245 0.028471 0.009331 0.717597
031700 0.245 0.028471 0.009331 0.717597
031800 0.245 0.028471 0.009331 0.717597
031900 0.245 0.028471 0.009331 0.717597
032000 0.245 0.028471 0.009331 0.717597
032100 0.245 0.028471 0.009331 0.717597
032200 0.245 0.028471 0.009331 0.717597
032300 0.245 0.028471 0.009331 0.717597
032400 0.245 0.028471 0.009331 0.717597
032500 0.245 0.028471 0.009331 0.717597
032600 0.245 0.028471 0.009331 0.717597
032700 0.245 0.028471 0.009331 0.717597
032800 0.245 0.028471 0.009331 0.717597
032900 0.245 0.028471 0.009331 0.717597
033000 0.245 0.028471 0.009331 0.717597
033100 0.245 0.028471 0.009331 0.717597
033200 0.245 0.028471 0.009331 0.717597
033300 0.245 0.028471 0.009331 0.717597
033400 0.245 0.028471 0.009331 0.717597
033500 0.245 0.028471 0.009331 0.717597
033600 0.245 0.028471 0.009331 0.717597
033700 0.245 0.028471 0.009331 0.717597
033800 0.245 0.028471 0.009331 0.717597
033900 0.245 0.028471 0.009331 0.717597
034000 0.245 0.028471 0.009331 0.717597
034100 0.245 0.028471 0.009331 0.717597
034200 0.245 0.028471 0.009331 0.717597
034300 0.245 0.028471 0.009331 0.717597
034400 0.245 0.028471 0.009331 0.717597
034500 0.245 0.028471 0.009331 0.717597
034600 0.245 0.028471 0.009331 0.717597
034700 0.245 0.028471 0.009331 0.717597
034800 0.245 0.028471 0.009331 0.717597
034900 0.245 0.028471 0.009331 0.717597
035000 0.245 0.028471 0.009331 0.717597
035100 0.245 0.028471 0.009331 0.717597
035200 0.245 0.028471 0.009331 0.717597
035300 0.245 0.028471 0.009331 0.717597
035400 0.245 0.028471 0.009331 0.717597
035500 0.245 0.028471 0.009331 0.717597
035600 0.245 0.028471 0.009331 0.717597
035700 0.245 0.028471 0.009331 0.717597
035800 0.245 0.028471 0.009331 0.717597
035900 0.245 0.028471 0.009331 0.717597
036000 0.245 0.028471 0.009331 0.717597
036100 0.245 0.028471 0.009331 0.717597
036200 0.245 0.028471 0.009331 0.717597
036300 0.245 0.028471 0.009331 0.717597
036400 0.245 0.028471 0.009331 0.717597
036500 0.245 0.028471 0.009331 0.717597
036600 0.245 0.028471 0.009331 0.717597
036700 0.245 0.028471 0.009331 0.717597
036800 0.245 0.028471 0.009331 0.717597
036900 0.245 0.028471 0.009331 0.717597
037000 0.245 0.028471 0.009331 0.717597
037100 0.245 0.028471 0.009331 0.717597
037200 0.245 0.028471 0.009331 0.717597
037300 0.245 0.028471 0.009331 0.717597
037400 0.245 0.028471 0.009331 0.717597
037500 0.245 0.028471 0.009331 0.717597
037600 0.245 0.028471 0.009331 0.717597
037700 0.245 0.028471 0.009331 0.717597
037800 0.245 0.028471 0.009331 0.717597
037900 0.245 0.028471 0.009331 0.717597
038000 0.245 0.028471 0.009331 0.717597
038100 0.245 0.028471 0.009331 0.717597
038200 0.245 0.028471 0.009331 0.717597
038300 0.245 0.028471 0.009331 0.717597
038400 0.245 0.028471 0.009331 0.717597
038500 0.245 0.028471 0.009331 0.717597
038600 0.245 0.028471 0.009331 0.717597
038700 0.245 0.028471 0.009331 0.717597
038800 0.245 0.028471 0.009331 0.717597
038900 0.245 0.028471 0.009331 0.717597
039000 0.245 0.028471 0.009331 0.717597
039100 0.245 0.028471 0.009331 0.717597
039200 0.245 0.028471 0.009331 0.717597
039300 0.245 0.028471 0.009331 0.717597
039400 0.245 0.028471 0.009331 0.717597
039500 0.245 0.028471 0.009331 0.717597
039600 0.245 0.028471 0.009331 0.717597
039700 0.245 0.028471 0.009331 0.717597
039800 0.245 0.028471 0.009331 0.717597
039900 0.245 0.028471 0.009331 0.717597
040000 0.245 0.028471 0.009331 0.717597
040100 0.245 0.028471 0.009331 0.717597
040200 0.245 0.028471 0.009331 0.717597
040300 0.245 0.028471 0.009331 0.717597
040400 0.245 0.028471 0.009331 0.717597
040500 0.245 0.028471 0.009331 0.717597
040600 0.245 0.028471 0.009331 0.717597
040700 0.245 0.028471 0.009331 0.717597
040800 0.245 0.028471 0.009331 0.717597
040900 0.245 0.028471 0.009331 0.717597
041000 0.245 0.028471 0.009331 0.717597
041100 0.245 0.028471 0.009331 0.717597
041200 0.245 0.028471 0.009331 0.717597
041300 0.245 0.028471 0.009331 0.717597
041400 0.245 0.028471 0.009331 0.717597
041500 0.245 0.028471 0.009331 0.717597
041600 0.245 0.028471 0.009331 0.717597
041700 0.245 0.028471 0.009331 0.717597
041800 0.245 0.028471 0.009331 0.717597
041900 0.245 0.028471 0.009331 0.717597
042000 0.245 0.028471 0.009331 0.717597
042100 0.245 0.028471 0.009331 0.717597
042200 0.245 0.028471 0.009331 0.717597
042300 0.245 0.028471 0.009331 0.717597
042400 0.245 0.028471 0.009331 0.717597
042500 0.245 0.028471 0.009331 0.717597
042600 0.245 0.028471 0.009331 0.717597
042700 0.245 0.028471 0.009331 0.717597
042800 0.245 0.028471 0.009331 0.717597
042900 0.245 0.028471 0.009331 0.717597
043000 0.245 0.028471 0.009331 0.717597
043100 0.245 0.028471 0.009331 0.717597
043200 0.245 0.028471 0.009331 0.717597
043300 0.245 0.028471 0.009331 0.717597
043400 0.245 0.028471 0.009331 0.717597
043500 0.245 0.028471 0.009331 0.717597
043600 0.245 0.028471 0.009331 0.717597
043700 0.245 0.028471 0.009331 0.717597
043800 0.245 0.028471 0.009331 0.717597
043900 0.245 0.028471 0.009331 0.717597
044000 0.245 0.028471 0.009331 0.717597
044100 0.245 0.028471 0.009331 0.717597
044200 0.245 0.028471 0.009331 0.717597
044300 0.245 0.028471 0.009331 0.717597
044400 0.245 0.028471 0.009331 0.717597
044500 0.245 0.028471 0.009331 0.717597
044600 0.245 0.028471 0.009331 0.717597
044700 0.245 0.028471 0.009331 0.717597
044800 0.245 0.028471 0.009331 0.717597
044900 0.245 0.028471 0.009331 0.717597
045000 0.245 0.028471 0.009331 0.717597
045100 0.245 0.028471 0.009331 0.717597
045200 0.245 0.028471 0.009331 0.717597
045300 0.245 0.028471 0.009331 0.717597
045400 0.245 0.028471 0.009331 0.717597
045500 0.245 0.028471 0.009331 0.717597
045600 0.245 0.028471 0.009331 0.717597
045700 0.245 0.028471 0.009331 0.717597
045800 0.245 0.028471 0.009331 0.717597
045900 0.245 0.028471 0.009331 0.717597
046000 0.245 0.028471 0.009331 0.717597
046100 0.245 0.028471 0.009331 0.717597
046200 0.245 0.028471 0.009331 0.717597
046300 0.245 0.028471 0.009331 0.717597
046400 0.245 0.028471 0.009331 0.717597
046500 0.245 0.028471 0.009331 0.717597
046600 0.245 0.028471 0.009331 0.717597
046700 0.245 0.028471 0.009331 0.717597
046800 0.245 0.028471 0.009331 0.717597
046900 0.245 0.028471 0.009331 0.717597
047000 0.245 0.028471 0.009331 0.717597
047100 0.245 0.028471 0.009331 0.717597
047200 0.245 0.028471 0.009331 0.717597
047300 0.245 0.028471 0.009331 0.717597
047400 0.245 0.028471 0.009331 0.717597
047500 0.245 0.028471 0.009331 0.717597
047600 0.245 0.028471 0.009331 0.717597
047700 0.245 0.028471 0.009331 0.717597
047800 0.245 0.028471 0.009331 0.717597
047900 0.245 0.028471 0.009331 0.717597
048000 0.245 0.028471 0.009331 0.717597
048100 0.245 0.028471 0.009331 0.717597
048200 0.245 0.028471 0.009331 0.717597
048300 0.245 0.028471 0.009331 0.717597
048400 0.245 0.028471 0.009331 0.717597
048500 0.245 0.028471 0.009331 0.717597
048600 0.245 0.028471 0.009331 0.717597
048700 0.245 0.028471 0.009331 0.717597
048800 0.245 0.028471 0.009331 0.717597
048900 0.245 0.028471 0.009331 0.717597
049000 0.245 0.028471 0.009331 0.717597
049100 0.245 0.028471 0.009331 0.717597
049200 0.245 0.028471 0.009331 0.717597
049300 0.245 0.028471 0.009331 0.717597
049400 0.245 0.028471 0.009331 0.717597
049500 0.245 0.028471 0.009331 0.717597
049600 0.245 0.028471 0.009331 0.717597
049700 0.245 0.028471 0.009331 0.717597
049800 0.245 0.028471 0.009331 0.717597
049900 0.245 0.028471 0.009331 0.717597
050000 0.245 0.028471 0.009331 0.717597
