000000 0.250 0.249994 0.250059 0.250003
000100 0.990 0.002699 0.001457 0.005935
000200 0.999 0.000424 0.000001 0.001015
000300 0.999 0.000075 0.000000 0.000536
000400 0.999 0.000015 0.000001 0.000610
000500 0.999 0.000000 0.000000 0.000949
000600 0.998 0.000001 0.000001 0.001515
000700 0.998 0.000001 0.000000 0.002143
000800 0.997 0.000001 0.000000 0.002956
000900 0.996 0.000000 0.000000 0.004029
001000 0.995 0.000001 0.000000 0.005236
001100 0.993 0.000001 0.000001 0.006618
001200 0.992 0.000000 0.000000 0.008153
001300 0.990 0.000001 0.000000 0.009751
001400 0.988 0.000000 0.000000 0.011638
001500 0.986 0.000001 0.000001 0.013657
001600 0.984 0.000001 0.000001 0.016037
001700 0.981 0.000000 0.000000 0.018518
001800 0.979 0.000001 0.000007 0.021344
001900 0.976 0.000001 0.000000 0.024398
002000 0.973 0.000033 0.000001 0.027226
002100 0.970 0.000066 0.000023 0.030157
002200 0.967 0.000092 0.000035 0.033324
002300 0.963 0.000125 0.000011 0.036872
002400 0.959 0.000120 0.000033 0.040434
002500 0.956 0.000149 0.000060 0.043763
002600 0.953 0.000158 0.000024 0.047312
002700 0.949 0.000213 0.000007 0.050897
002800 0.945 0.000297 0.000000 0.054822
002900 0.941 0.000211 0.000000 0.058882
003000 0.936 0.000299 0.000001 0.063322
003100 0.932 0.000340 0.000000 0.067427
003200 0.928 0.000530 0.000001 0.071606
003300 0.924 0.000524 0.000000 0.075791
003400 0.919 0.000670 0.000002 0.079905
003500 0.915 0.000676 0.000000 0.084001
003600 0.911 0.000565 0.000008 0.088319
003700 0.906 0.000701 0.000000 0.093215
003800 0.901 0.000747 0.000001 0.097831
003900 0.897 0.000937 0.000001 0.102336
004000 0.892 0.001005 0.000000 0.106596
004100 0.888 0.001240 0.000000 0.111003
004200 0.884 0.001436 0.000000 0.114849
004300 0.880 0.001656 0.000001 0.118615
004400 0.876 0.001756 0.000010 0.121928
004500 0.873 0.001870 0.000019 0.125128
004600 0.869 0.001828 0.000026 0.129116
004700 0.865 0.001642 0.000057 0.133308
004800 0.861 0.001727 0.000056 0.137021
004900 0.857 0.001935 0.000024 0.141372
005000 0.853 0.002007 0.000076 0.145391
005100 0.849 0.002106 0.000164 0.149170
005200 0.844 0.001919 0.000110 0.153831
005300 0.840 0.002144 0.000105 0.157869
005400 0.836 0.002353 0.000188 0.161714
005500 0.832 0.002400 0.000171 0.165767
005600 0.828 0.002631 0.000167 0.169699
005700 0.823 0.002621 0.000148 0.174070
005800 0.819 0.003106 0.000144 0.177453
005900 0.816 0.003040 0.000117 0.181342
006000 0.812 0.002558 0.000171 0.185164
006100 0.808 0.002650 0.000262 0.189255
006200 0.804 0.002639 0.000346 0.193064
006300 0.800 0.002887 0.000478 0.196145
006400 0.797 0.003080 0.000782 0.199573
006500 0.792 0.003244 0.000598 0.203782
006600 0.789 0.003273 0.000535 0.207629
006700 0.785 0.003487 0.000447 0.210951
006800 0.782 0.003694 0.000517 0.213343
006900 0.779 0.003439 0.000601 0.216799
007000 0.776 0.003496 0.000703 0.219730
007100 0.773 0.003643 0.000777 0.222649
007200 0.769 0.003794 0.000819 0.226029
007300 0.767 0.003873 0.000763 0.228314
007400 0.765 0.004302 0.000828 0.230153
007500 0.762 0.004542 0.000899 0.232398
007600 0.760 0.004474 0.000958 0.234124
007700 0.758 0.004485 0.000842 0.236305
007800 0.757 0.004706 0.000924 0.237597
007900 0.755 0.004912 0.001026 0.238576
008000 0.754 0.005342 0.001143 0.239081
008100 0.754 0.005467 0.001066 0.239775
008200 0.753 0.005710 0.000999 0.240076
008300 0.752 0.005987 0.001156 0.240779
008400 0.752 0.005981 0.001011 0.241506
008500 0.752 0.005788 0.001105 0.241313
008600 0.751 0.005760 0.000922 0.241963
008700 0.751 0.005408 0.000914 0.242711
008800 0.751 0.005515 0.001024 0.242869
008900 0.749 0.005778 0.001032 0.243752
009000 0.749 0.005711 0.001156 0.244426
009100 0.748 0.005508 0.001281 0.245170
009200 0.747 0.006146 0.001285 0.245974
009300 0.746 0.006188 0.001274 0.246828
009400 0.746 0.005712 0.000897 0.247194
009500 0.747 0.005684 0.001122 0.246417
009600 0.747 0.006068 0.001048 0.246180
009700 0.747 0.005908 0.001055 0.245872
009800 0.746 0.006301 0.001174 0.246191
009900 0.747 0.006131 0.000954 0.246044
010000 0.747 0.006205 0.000751 0.245845
010100 0.748 0.006366 0.000772 0.244958
010200 0.748 0.005836 0.000624 0.245194
010300 0.748 0.005693 0.000584 0.245453
010400 0.749 0.006110 0.000297 0.244434
010500 0.750 0.006014 0.000334 0.243431
010600 0.751 0.005874 0.000260 0.242385
010700 0.752 0.006131 0.000240 0.241578
010800 0.753 0.006413 0.000090 0.240415
010900 0.754 0.006068 0.000025 0.239585
011000 0.755 0.006030 0.000012 0.238913
011100 0.757 0.006297 0.000004 0.237158
011200 0.758 0.005837 0.000011 0.235879
011300 0.759 0.005672 0.000049 0.235375
011400 0.760 0.006081 0.000073 0.233413
011500 0.762 0.006458 0.000019 0.231799
011600 0.763 0.006173 0.000022 0.230848
011700 0.764 0.006049 0.000071 0.229517
011800 0.766 0.005983 0.000048 0.227619
011900 0.768 0.005638 0.000046 0.226751
012000 0.769 0.006199 0.000059 0.224560
012100 0.771 0.006047 0.000047 0.223144
012200 0.772 0.005867 0.000076 0.221665
012300 0.773 0.005707 0.000172 0.220939
012400 0.774 0.005468 0.000171 0.220472
012500 0.775 0.005556 0.000147 0.219186
012600 0.776 0.005409 0.000185 0.218537
012700 0.777 0.005448 0.000200 0.217090
012800 0.779 0.005522 0.000142 0.215540
012900 0.780 0.005559 0.000141 0.214220
013000 0.781 0.005647 0.000178 0.212940
013100 0.782 0.005903 0.000122 0.211697
013200 0.784 0.005867 0.000158 0.209796
013300 0.785 0.006120 0.000219 0.208175
013400 0.787 0.005490 0.000303 0.207406
013500 0.788 0.005561 0.000324 0.206365
013600 0.789 0.005844 0.000219 0.204883
013700 0.791 0.005600 0.000212 0.202863
013800 0.792 0.005673 0.000309 0.201751
013900 0.794 0.005711 0.000265 0.200493
014000 0.794 0.005422 0.000251 0.199908
014100 0.795 0.005744 0.000262 0.199160
014200 0.796 0.005873 0.000210 0.197828
014300 0.798 0.005687 0.000121 0.195924
014400 0.800 0.005629 0.000099 0.193959
014500 0.802 0.005902 0.000075 0.192407
014600 0.803 0.005685 0.000046 0.190967
014700 0.805 0.005723 0.000017 0.189431
014800 0.806 0.006355 0.000016 0.187506
014900 0.809 0.006149 0.000033 0.185315
015000 0.810 0.005981 0.000005 0.183556
015100 0.813 0.005841 0.000001 0.181503
015200 0.814 0.005717 0.000000 0.180090
015300 0.816 0.005074 0.000000 0.179196
015400 0.817 0.005402 0.000005 0.177870
015500 0.818 0.005135 0.000015 0.176567
015600 0.819 0.005352 0.000053 0.175229
015700 0.821 0.005207 0.000075 0.173530
015800 0.824 0.005482 0.000029 0.170954
015900 0.826 0.005328 0.000124 0.168985
016000 0.827 0.005004 0.000065 0.167887
016100 0.829 0.004992 0.000016 0.166072
016200 0.830 0.004935 0.000048 0.165244
016300 0.831 0.005108 0.000077 0.164066
016400 0.833 0.005106 0.000117 0.161826
016500 0.835 0.004740 0.000101 0.160470
016600 0.835 0.004827 0.000140 0.159594
016700 0.836 0.004617 0.000103 0.159074
016800 0.837 0.004689 0.000119 0.158309
016900 0.838 0.004886 0.000208 0.157130
017000 0.839 0.005135 0.000201 0.155540
017100 0.841 0.004660 0.000228 0.154487
017200 0.842 0.004833 0.000165 0.153349
017300 0.843 0.005036 0.000074 0.151522
017400 0.845 0.004661 0.000146 0.150586
017500 0.846 0.004462 0.000269 0.148823
017600 0.847 0.004412 0.000319 0.147850
017700 0.848 0.004918 0.000451 0.146463
017800 0.850 0.004537 0.000526 0.145419
017900 0.851 0.004712 0.000495 0.144217
018000 0.852 0.004681 0.000574 0.142761
018100 0.853 0.004749 0.000576 0.141186
018200 0.855 0.004723 0.000506 0.140076
018300 0.856 0.004550 0.000651 0.139160
018400 0.857 0.004752 0.000656 0.137718
018500 0.858 0.004619 0.000659 0.136903
018600 0.859 0.004994 0.000737 0.135103
018700 0.861 0.004756 0.000656 0.133432
018800 0.862 0.004689 0.000749 0.132858
018900 0.863 0.004476 0.000726 0.131819
019000 0.865 0.004674 0.000792 0.129692
019100 0.866 0.004666 0.000583 0.128376
019200 0.868 0.005071 0.000495 0.126397
019300 0.869 0.004795 0.000309 0.125508
019400 0.871 0.004785 0.000460 0.124178
019500 0.873 0.004535 0.000427 0.122479
019600 0.874 0.004619 0.000365 0.121109
019700 0.875 0.004511 0.000450 0.119860
019800 0.877 0.004790 0.000492 0.118045
019900 0.879 0.004528 0.000425 0.116181
020000 0.880 0.003987 0.000463 0.115172
020100 0.882 0.004112 0.000549 0.113700
020200 0.882 0.003960 0.000342 0.113245
020300 0.883 0.003893 0.000291 0.112413
020400 0.884 0.003804 0.000174 0.111924
020500 0.885 0.003910 0.000273 0.111296
020600 0.886 0.003859 0.000299 0.110285
020700 0.887 0.004008 0.000370 0.108899
020800 0.888 0.003990 0.000320 0.107800
020900 0.889 0.004306 0.000277 0.106065
021000 0.891 0.004155 0.000292 0.104197
021100 0.894 0.003574 0.000110 0.102631
021200 0.895 0.003249 0.000083 0.102119
021300 0.895 0.003185 0.000021 0.101527
021400 0.896 0.003395 0.000040 0.100692
021500 0.897 0.003503 0.000030 0.099259
021600 0.899 0.003633 0.000072 0.097272
021700 0.901 0.003349 0.000014 0.095894
021800 0.902 0.003042 0.000019 0.095223
021900 0.903 0.003067 0.000024 0.093978
022000 0.904 0.003112 0.000087 0.092831
022100 0.905 0.002920 0.000057 0.092002
022200 0.906 0.002936 0.000024 0.091413
022300 0.906 0.002891 0.000000 0.090930
022400 0.907 0.002774 0.000000 0.090188
022500 0.907 0.002914 0.000023 0.089617
022600 0.908 0.002804 0.000008 0.089350
022700 0.908 0.002903 0.000001 0.089480
022800 0.908 0.002967 0.000000 0.088747
022900 0.909 0.003128 0.000000 0.087747
023000 0.910 0.003226 0.000000 0.086932
023100 0.911 0.002974 0.000015 0.085841
023200 0.912 0.002858 0.000039 0.085017
023300 0.913 0.002731 0.000024 0.083831
023400 0.914 0.002742 0.000026 0.083312
023500 0.914 0.002858 0.000001 0.082693
023600 0.915 0.003074 0.000001 0.081965
023700 0.915 0.003193 0.000002 0.081344
023800 0.916 0.003010 0.000000 0.080649
023900 0.917 0.002893 0.000008 0.080409
024000 0.918 0.002860 0.000000 0.079100
024100 0.919 0.002999 0.000002 0.078400
024200 0.920 0.002681 0.000000 0.077690
024300 0.920 0.002693 0.000000 0.077167
024400 0.921 0.002923 0.000001 0.076331
024500 0.921 0.002660 0.000001 0.075969
024600 0.922 0.002690 0.000001 0.075211
024700 0.923 0.002756 0.000001 0.074371
024800 0.924 0.002917 0.000000 0.073148
024900 0.925 0.002472 0.000000 0.072760
025000 0.925 0.002351 0.000000 0.072862
025100 0.925 0.002564 0.000001 0.072326
025200 0.926 0.002674 0.000004 0.071747
025300 0.926 0.002674 0.000004 0.071747
025400 0.926 0.002674 0.000004 0.071747
025500 0.926 0.002674 0.000004 0.071747
025600 0.926 0.002674 0.000004 0.071747
025700 0.926 0.002674 0.000004 0.071747
025800 0.926 0.002674 0.000004 0.071747
025900 0.926 0.002674 0.000004 0.071747
026000 0.926 0.002674 0.000004 0.071747
026100 0.926 0.002674 0.000004 0.071747
026200 0.926 0.002674 0.000004 0.071747
026300 0.926 0.002674 0.000004 0.071747
026400 0.926 0.002674 0.000004 0.071747
026500 0.926 0.002674 0.000004 0.071747
026600 0.926 0.002674 0.000004 0.071747
026700 0.926 0.002674 0.000004 0.071747
026800 0.926 0.002674 0.000004 0.071747
026900 0.926 0.002674 0.000004 0.071747
027000 0.926 0.002674 0.000004 0.071747
027100 0.926 0.002674 0.000004 0.071747
027200 0.926 0.002674 0.000004 0.071747
027300 0.926 0.002674 0.000004 0.071747
027400 0.926 0.002674 0.000004 0.071747
027500 0.926 0.002674 0.000004 0.071747
027600 0.926 0.002674 0.000004 0.071747
027700 0.926 0.002674 0.000004 0.071747
027800 0.926 0.002674 0.000004 0.071747
027900 0.926 0.002674 0.000004 0.071747
028000 0.926 0.002674 0.000004 0.071747
028100 0.926 0.002674 0.000004 0.071747
028200 0.926 0.002674 0.000004 0.071747
028300 0.926 0.002674 0.000004 0.071747
028400 0.926 0.002674 0.000004 0.071747
028500 0.926 0.002674 0.000004 0.071747
028600 0.926 0.002674 0.000004 0.071747
028700 0.926 0.002674 0.000004 0.071747
028800 0.926 0.002674 0.000004 0.071747
028900 0.926 0.002674 0.000004 0.071747
029000 0.926 0.002674 0.000004 0.071747
029100 0.926 0.002674 0.000004 0.071747
029200 0.926 0.002674 0.000004 0.071747
029300 0.926 0.002674 0.000004 0.071747
029400 0.926 0.002674 0.000004 0.071747
029500 0.926 0.002674 0.000004 0.071747
029600 0.926 0.002674 0.000004 0.071747
029700 0.926 0.002674 0.000004 0.071747
029800 0.926 0.002674 0.000004 0.071747
029900 0.926 0.002674 0.000004 0.071747
030000 0.926 0.002674 0.000004 0.071747
030100 0.926 0.002674 0.000004 0.071747
030200 0.926 0.002674 0.000004 0.071747
030300 0.926 0.002674 0.000004 0.071747
030400 0.926 0.002674 0.000004 0.071747
030500 0.926 0.002674 0.000004 0.071747
030600 0.926 0.002674 0.000004 0.071747
030700 0.926 0.002674 0.000004 0.071747
030800 0.926 0.002674 0.000004 0.071747
030900 0.926 0.002674 0.000004 0.071747
031000 0.926 0.002674 0.000004 0.071747
031100 0.926 0.002674 0.000004 0.071747
031200 0.926 0.002674 0.000004 0.071747
031300 0.926 0.002674 0.000004 0.071747
031400 0.926 0.002674 0.000004 0.071747
031500 0.926 0.002674 0.000004 0.071747
031600 0.926 0.002674 0.000004 0.071747
031700 0.926 0.002674 0.000004 0.071747
031800 0.926 0.002674 0.000004 0.071747
031900 0.926 0.002674 0.000004 0.071747
032000 0.926 0.002674 0.000004 0.071747
032100 0.926 0.002674 0.000004 0.071747
032200 0.926 0.002674 0.000004 0.071747
032300 0.926 0.002674 0.000004 0.071747
032400 0.926 0.002674 0.000004 0.071747
032500 0.926 0.002674 0.000004 0.071747
032600 0.926 0.002674 0.000004 0.071747
032700 0.926 0.002674 0.000004 0.071747
032800 0.926 0.002674 0.000004 0.071747
032900 0.926 0.002674 0.000004 0.071747
033000 0.926 0.002674 0.000004 0.071747
033100 0.926 0.002674 0.000004 0.071747
033200 0.926 0.002674 0.000004 0.071747
033300 0.926 0.002674 0.000004 0.071747
033400 0.926 0.002674 0.000004 0.071747
033500 0.926 0.002674 0.000004 0.071747
033600 0.926 0.002674 0.000004 0.071747
033700 0.926 0.002674 0.000004 0.071747
033800 0.926 0.002674 0.000004 0.071747
033900 0.926 0.002674 0.000004 0.071747
034000 0.926 0.002674 0.000004 0.071747
034100 0.926 0.002674 0.000004 0.071747
034200 0.926 0.002674 0.000004 0.071747
034300 0.926 0.002674 0.000004 0.071747
034400 0.926 0.002674 0.000004 0.071747
034500 0.926 0.002674 0.000004 0.071747
034600 0.926 0.002674 0.000004 0.071747
034700 0.926 0.002674 0.000004 0.071747
034800 0.926 0.002674 0.000004 0.071747
034900 0.926 0.002674 0.000004 0.071747
035000 0.926 0.002674 0.000004 0.071747
035100 0.926 0.002674 0.000004 0.071747
035200 0.926 0.002674 0.000004 0.071747
035300 0.926 0.002674 0.000004 0.071747
035400 0.926 0.002674 0.000004 0.071747
035500 0.926 0.002674 0.000004 0.071747
035600 0.926 0.002674 0.000004 0.071747
035700 0.926 0.002674 0.000004 0.071747
035800 0.926 0.002674 0.000004 0.071747
035900 0.926 0.002674 0.000004 0.071747
036000 0.926 0.002674 0.000004 0.071747
036100 0.926 0.002674 0.000004 0.071747
036200 0.926 0.002674 0.000004 0.071747
036300 0.926 0.002674 0.000004 0.071747
036400 0.926 0.002674 0.000004 0.071747
036500 0.926 0.002674 0.000004 0.071747
036600 0.926 0.002674 0.000004 0.071747
036700 0.926 0.002674 0.000004 0.071747
036800 0.926 0.002674 0.000004 0.071747
036900 0.926 0.002674 0.000004 0.071747
037000 0.926 0.002674 0.000004 0.071747
037100 0.926 0.002674 0.000004 0.071747
037200 0.926 0.002674 0.000004 0.071747
037300 0.926 0.002674 0.000004 0.071747
037400 0.926 0.002674 0.000004 0.071747
037500 0.926 0.002674 0.000004 0.071747
037600 0.926 0.002674 0.000004 0.071747
037700 0.926 0.002674 0.000004 0.071747
037800 0.926 0.002674 0.000004 0.071747
037900 0.926 0.002674 0.000004 0.071747
038000 0.926 0.002674 0.000004 0.071747
038100 0.926 0.002674 0.000004 0.071747
038200 0.926 0.002674 0.000004 0.071747
038300 0.926 0.002674 0.000004 0.071747
038400 0.926 0.002674 0.000004 0.071747
038500 0.926 0.002674 0.000004 0.071747
038600 0.926 0.002674 0.000004 0.071747
038700 0.926 0.002674 0.000004 0.071747
038800 0.926 0.002674 0.000004 0.071747
038900 0.926 0.002674 0.000004 0.071747
039000 0.926 0.002674 0.000004 0.071747
039100 0.926 0.002674 0.000004 0.071747
039200 0.926 0.002674 0.000004 0.071747
039300 0.926 0.002674 0.000004 0.071747
039400 0.926 0.002674 0.000004 0.071747
039500 0.926 0.002674 0.000004 0.071747
039600 0.926 0.002674 0.000004 0.071747
039700 0.926 0.002674 0.000004 0.071747
039800 0.926 0.002674 0.000004 0.071747
039900 0.926 0.002674 0.000004 0.071747
040000 0.926 0.002674 0.000004 0.071747
040100 0.926 0.002674 0.000004 0.071747
040200 0.926 0.002674 0.000004 0.071747
040300 0.926 0.002674 0.000004 0.071747
040400 0.926 0.002674 0.000004 0.071747
040500 0.926 0.002674 0.000004 0.071747
040600 0.926 0.002674 0.000004 0.071747
040700 0.926 0.002674 0.000004 0.071747
040800 0.926 0.002674 0.000004 0.071747
040900 0.926 0.002674 0.000004 0.071747
041000 0.926 0.002674 0.000004 0.071747
041100 0.926 0.002674 0.000004 0.071747
041200 0.926 0.002674 0.000004 0.071747
041300 0.926 0.002674 0.000004 0.071747
041400 0.926 0.002674 0.000004 0.071747
041500 0.926 0.002674 0.000004 0.071747
041600 0.926 0.002674 0.000004 0.071747
041700 0.926 0.002674 0.000004 0.071747
041800 0.926 0.002674 0.000004 0.071747
041900 0.926 0.002674 0.000004 0.071747
042000 0.926 0.002674 0.000004 0.071747
042100 0.926 0.002674 0.000004 0.071747
042200 0.926 0.002674 0.000004 0.071747
042300 0.926 0.002674 0.000004 0.071747
042400 0.926 0.002674 0.000004 0.071747
042500 0.926 0.002674 0.000004 0.071747
042600 0.926 0.002674 0.000004 0.071747
042700 0.926 0.002674 0.000004 0.071747
042800 0.926 0.002674 0.000004 0.071747
042900 0.926 0.002674 0.000004 0.071747
043000 0.926 0.002674 0.000004 0.071747
043100 0.926 0.002674 0.000004 0.071747
043200 0.926 0.002674 0.000004 0.071747
043300 0.926 0.002674 0.000004 0.071747
043400 0.926 0.002674 0.000004 0.071747
043500 0.926 0.002674 0.000004 0.071747
043600 0.926 0.002674 0.000004 0.071747
043700 0.926 0.002674 0.000004 0.071747
043800 0.926 0.002674 0.000004 0.071747
043900 0.926 0.002674 0.000004 0.071747
044000 0.926 0.002674 0.000004 0.071747
044100 0.926 0.002674 0.000004 0.071747
044200 0.926 0.002674 0.000004 0.071747
044300 0.926 0.002674 0.000004 0.071747
044400 0.926 0.002674 0.000004 0.071747
044500 0.926 0.002674 0.000004 0.071747
044600 0.926 0.002674 0.000004 0.071747
044700 0.926 0.002674 0.000004 0.071747
044800 0.926 0.002674 0.000004 0.071747
044900 0.926 0.002674 0.000004 0.071747
045000 0.926 0.002674 0.000004 0.071747
045100 0.926 0.002674 0.000004 0.071747
045200 0.926 0.002674 0.000004 0.071747
045300 0.926 0.002674 0.000004 0.071747
045400 0.926 0.002674 0.000004 0.071747
045500 0.926 0.002674 0.000004 0.071747
045600 0.926 0.002674 0.000004 0.071747
045700 0.926 0.002674 0.000004 0.071747
045800 0.926 0.002674 0.000004 0.071747
045900 0.926 0.002674 0.000004 0.071747
046000 0.926 0.002674 0.000004 0.071747
046100 0.926 0.002674 0.000004 0.071747
046200 0.926 0.002674 0.000004 0.071747
046300 0.926 0.002674 0.000004 0.071747
046400 0.926 0.002674 0.000004 0.071747
046500 0.926 0.002674 0.000004 0.071747
046600 0.926 0.002674 0.000004 0.071747
046700 0.926 0.002674 0.000004 0.071747
046800 0.926 0.002674 0.000004 0.071747
046900 0.926 0.002674 0.000004 0.071747
047000 0.926 0.002674 0.000004 0.071747
047100 0.926 0.002674 0.000004 0.071747
047200 0.926 0.002674 0.000004 0.071747
047300 0.926 0.002674 0.000004 0.071747
047400 0.926 0.002674 0.000004 0.071747
047500 0.926 0.002674 0.000004 0.071747
047600 0.926 0.002674 0.000004 0.071747
047700 0.926 0.002674 0.000004 0.071747
047800 0.926 0.002674 0.000004 0.071747
047900 0.926 0.002674 0.000004 0.071747
048000 0.926 0.002674 0.000004 0.071747
048100 0.926 0.002674 0.000004 0.071747
048200 0.926 0.002674 0.000004 0.071747
048300 0.926 0.002674 0.000004 0.071747
048400 0.926 0.002674 0.000004 0.071747
048500 0.926 0.002674 0.000004 0.071747
048600 0.926 0.002674 0.000004 0.071747
048700 0.926 0.002674 0.000004 0.071747
048800 0.926 0.002674 0.000004 0.071747
048900 0.926 0.002674 0.000004 0.071747
049000 0.926 0.002674 0.000004 0.071747
049100 0.926 0.002674 0.000004 0.071747
049200 0.926 0.002674 0.000004 0.071747
049300 0.926 0.002674 0.000004 0.071747
049400 0.926 0.002674 0.000004 0.071747
049500 0.926 0.002674 0.000004 0.071747
049600 0.926 0.002674 0.000004 0.071747
049700 0.926 0.002674 0.000004 0.071747
049800 0.926 0.002674 0.000004 0.071747
049900 0.926 0.002674 0.000004 0.071747
050000 0.926 0.002674 0.000004 0.071747
