000000 0.250 0.250532 0.249305 0.249810
000100 0.856 0.016237 0.077780 0.049667
000200 0.920 0.003257 0.056293 0.020545
000300 0.936 0.000848 0.050822 0.012367
000400 0.937 0.000289 0.053390 0.009580
000500 0.930 0.000226 0.061844 0.007464
000600 0.919 0.000130 0.073801 0.006717
000700 0.905 0.000088 0.088569 0.005872
000800 0.886 0.000004 0.107686 0.006073
000900 0.863 0.000006 0.130438 0.006410
001000 0.838 0.000004 0.155784 0.006403
001100 0.808 0.000021 0.185364 0.006599
001200 0.774 0.000044 0.219685 0.006264
001300 0.737 0.000042 0.256372 0.006633
001400 0.698 0.000017 0.295456 0.006699
001500 0.655 0.000107 0.337607 0.007059
001600 0.611 0.000106 0.381258 0.008021
001700 0.564 0.000063 0.427430 0.008328
001800 0.518 0.000007 0.473388 0.008369
001900 0.474 0.000037 0.516885 0.009292
002000 0.428 0.000043 0.562473 0.009052
002100 0.385 0.000070 0.605912 0.008992
002200 0.344 0.000037 0.647755 0.008413
002300 0.305 0.000037 0.687019 0.008166
002400 0.268 0.000017 0.724326 0.007740
002500 0.235 0.000033 0.757669 0.007332
002600 0.204 0.000098 0.788525 0.007524
002700 0.175 0.000090 0.817484 0.007649
002800 0.150 0.000054 0.842215 0.007923
002900 0.127 0.000195 0.864459 0.008174
003000 0.108 0.000275 0.883363 0.008482
003100 0.092 0.000358 0.899134 0.008470
003200 0.078 0.000379 0.913017 0.008572
003300 0.065 0.000431 0.924992 0.009355
003400 0.053 0.000439 0.937309 0.009091
003500 0.042 0.000513 0.948138 0.009110
003600 0.033 0.000533 0.958163 0.008658
003700 0.025 0.000367 0.966959 0.007983
003800 0.018 0.000467 0.974046 0.007742
003900 0.013 0.000347 0.979340 0.007606
004000 0.009 0.000358 0.983034 0.007885
004100 0.006 0.000344 0.985574 0.008165
004200 0.004 0.000256 0.987912 0.007758
004300 0.003 0.000390 0.988572 0.008176
004400 0.002 0.000180 0.989922 0.008111
004500 0.001 0.000220 0.990058 0.008803
004600 0.000 0.000340 0.989661 0.009758
004700 0.000 0.000278 0.989538 0.010184
004800 0.000 0.000529 0.989046 0.010425
004900 0.000 0.000440 0.988344 0.011217
005000 0.000 0.000690 0.987646 0.011665
005100 0.000 0.000725 0.988260 0.011015
005200 0.000 0.000899 0.987594 0.011507
005300 0.000 0.000763 0.988106 0.011131
005400 0.000 0.000697 0.988392 0.010910
005500 0.000 0.000759 0.988849 0.010392
005600 0.000 0.000676 0.989617 0.009706
005700 0.000 0.000798 0.989279 0.009923
005800 0.000 0.000993 0.989287 0.009719
005900 0.000 0.001061 0.988318 0.010620
006000 0.000 0.001044 0.988476 0.010480
006100 0.000 0.001064 0.988283 0.010652
006200 0.000 0.001016 0.987299 0.011685
006300 0.000 0.000693 0.988034 0.011272
006400 0.000 0.000678 0.988780 0.010542
006500 0.000 0.000642 0.988299 0.011059
006600 0.000 0.000836 0.988050 0.011114
006700 0.000 0.001099 0.988256 0.010644
006800 0.000 0.001426 0.987902 0.010671
006900 0.000 0.001460 0.987592 0.010948
007000 0.000 0.001371 0.987917 0.010712
007100 0.000 0.001301 0.987694 0.011006
007200 0.000 0.001019 0.988123 0.010858
007300 0.000 0.000956 0.988373 0.010671
007400 0.000 0.001249 0.988036 0.010714
007500 0.000 0.001086 0.988144 0.010769
007600 0.000 0.001005 0.988830 0.010165
007700 0.000 0.001146 0.988476 0.010377
007800 0.000 0.001283 0.988498 0.010219
007900 0.000 0.001447 0.987725 0.010827
008000 0.000 0.001321 0.988507 0.010172
008100 0.000 0.001288 0.988424 0.010288
008200 0.000 0.001258 0.988759 0.009983
008300 0.000 0.001336 0.988388 0.010275
008400 0.000 0.001181 0.987738 0.011081
008500 0.000 0.001013 0.988562 0.010425
008600 0.000 0.000935 0.988967 0.010099
008700 0.000 0.001074 0.989003 0.009922
008800 0.000 0.000937 0.988387 0.010676
008900 0.000 0.000822 0.987924 0.011255
009000 0.000 0.000872 0.988506 0.010622
009100 0.000 0.000935 0.988712 0.010353
009200 0.000 0.001081 0.988790 0.010128
009300 0.000 0.000959 0.989092 0.009949
009400 0.000 0.001120 0.989328 0.009551
009500 0.000 0.001207 0.988577 0.010198
009600 0.000 0.001273 0.988431 0.010296
009700 0.000 0.001238 0.988590 0.010172
009800 0.000 0.001381 0.987558 0.011061
009900 0.000 0.001392 0.987219 0.011389
010000 0.000 0.001626 0.986463 0.011910
010100 0.000 0.001664 0.986159 0.012177
010200 0.000 0.001734 0.986255 0.012010
010300 0.000 0.001853 0.986353 0.011793
010400 0.000 0.002112 0.986119 0.011769
010500 0.000 0.002253 0.985366 0.012381
010600 0.000 0.002458 0.984933 0.012608
010700 0.000 0.002553 0.984485 0.012962
010800 0.000 0.002651 0.983862 0.013487
010900 0.000 0.002892 0.983492 0.013617
011000 0.000 0.002685 0.983549 0.013767
011100 0.000 0.002781 0.983092 0.014127
011200 0.000 0.002913 0.982978 0.014110
011300 0.000 0.002935 0.982622 0.014369
011400 0.000 0.002888 0.982760 0.014348
011500 0.000 0.002881 0.982951 0.014168
011600 0.000 0.002207 0.983560 0.014233
011700 0.000 0.001952 0.982994 0.015054
011800 0.000 0.001768 0.983932 0.014299
011900 0.000 0.001463 0.984972 0.013565
012000 0.000 0.001383 0.984820 0.013797
012100 0.000 0.001389 0.984770 0.013841
012200 0.000 0.001305 0.984924 0.013771
012300 0.000 0.001243 0.985443 0.013314
012400 0.000 0.001183 0.986072 0.012744
012500 0.000 0.001307 0.986677 0.012016
012600 0.000 0.001411 0.986483 0.012106
012700 0.000 0.001569 0.986289 0.012142
012800 0.000 0.001313 0.985855 0.012833
012900 0.000 0.001253 0.986283 0.012463
013000 0.000 0.001436 0.986142 0.012422
013100 0.000 0.001263 0.987593 0.011144
013200 0.000 0.001401 0.987256 0.011342
013300 0.000 0.001171 0.987844 0.010985
013400 0.000 0.001197 0.987423 0.011379
013500 0.000 0.001394 0.987222 0.011384
013600 0.000 0.001208 0.986069 0.012723
013700 0.000 0.001242 0.986233 0.012526
013800 0.000 0.001328 0.986359 0.012312
013900 0.000 0.001167 0.986728 0.012105
014000 0.000 0.001197 0.986215 0.012588
014100 0.000 0.001304 0.985982 0.012713
014200 0.000 0.001359 0.986585 0.012056
014300 0.000 0.001571 0.986568 0.011856
014400 0.000 0.001439 0.986653 0.011908
014500 0.000 0.001385 0.987301 0.011314
014600 0.000 0.001521 0.987902 0.010577
014700 0.000 0.001550 0.987275 0.011175
014800 0.000 0.001735 0.987372 0.010892
014900 0.000 0.001592 0.987007 0.011401
015000 0.000 0.001616 0.986912 0.011472
015100 0.000 0.001681 0.986242 0.012077
015200 0.000 0.001357 0.987108 0.011534
015300 0.000 0.001367 0.986869 0.011763
015400 0.000 0.001055 0.986859 0.012085
015500 0.000 0.001141 0.986762 0.012097
015600 0.000 0.001429 0.985561 0.013010
015700 0.000 0.001735 0.984974 0.013291
015800 0.000 0.002191 0.984497 0.013311
015900 0.000 0.002162 0.985391 0.012447
016000 0.000 0.002239 0.985623 0.012138
016100 0.000 0.002264 0.986415 0.011320
016200 0.000 0.002468 0.985683 0.011848
016300 0.000 0.002463 0.985818 0.011718
016400 0.000 0.002913 0.985544 0.011542
016500 0.000 0.002763 0.986485 0.010751
016600 0.000 0.002838 0.986524 0.010639
016700 0.000 0.002468 0.987397 0.010134
016800 0.000 0.002596 0.987120 0.010284
016900 0.000 0.002872 0.985823 0.011304
017000 0.000 0.003348 0.985836 0.010816
017100 0.000 0.003331 0.986127 0.010542
017200 0.000 0.003724 0.986370 0.009906
017300 0.000 0.003642 0.986119 0.010238
017400 0.000 0.003592 0.986335 0.010074
017500 0.000 0.003515 0.986826 0.009658
017600 0.000 0.003751 0.986500 0.009749
017700 0.000 0.003839 0.985738 0.010423
017800 0.000 0.003762 0.985745 0.010493
017900 0.000 0.003721 0.985726 0.010550
018000 0.000 0.003597 0.986301 0.010102
018100 0.000 0.003632 0.986875 0.009493
018200 0.000 0.003544 0.987099 0.009184
018300 0.000 0.003677 0.987034 0.009125
018400 0.000 0.003667 0.987253 0.009081
018500 0.000 0.003676 0.987167 0.009157
018600 0.000 0.003982 0.986044 0.009974
018700 0.000 0.004085 0.985566 0.010349
018800 0.000 0.003807 0.986232 0.009901
018900 0.000 0.004115 0.985756 0.009956
019000 0.000 0.004208 0.985555 0.010156
019100 0.000 0.003820 0.986489 0.009691
019200 0.000 0.003799 0.986315 0.009886
019300 0.000 0.004079 0.985811 0.010110
019400 0.000 0.004304 0.986531 0.009154
019500 0.000 0.004030 0.986308 0.009549
019600 0.000 0.004003 0.986560 0.009437
019700 0.000 0.004037 0.986035 0.009928
019800 0.000 0.003945 0.986195 0.009860
019900 0.000 0.003350 0.986876 0.009774
020000 0.000 0.003594 0.986671 0.009735
020100 0.000 0.003944 0.986523 0.009533
020200 0.000 0.004297 0.985551 0.010152
020300 0.000 0.003703 0.986133 0.010164
020400 0.000 0.003681 0.987138 0.009181
020500 0.000 0.003886 0.986983 0.009131
020600 0.000 0.003774 0.986510 0.009716
020700 0.000 0.003485 0.985972 0.010542
020800 0.000 0.003812 0.986456 0.009732
020900 0.000 0.003840 0.986383 0.009777
021000 0.000 0.003563 0.986015 0.010235
021100 0.000 0.003509 0.985560 0.010827
021200 0.000 0.003449 0.985542 0.010964
021300 0.000 0.003688 0.985304 0.011008
021400 0.000 0.003791 0.984773 0.011436
021500 0.000 0.003744 0.984860 0.011396
021600 0.000 0.003476 0.984725 0.011797
021700 0.000 0.003851 0.984152 0.011997
021800 0.000 0.003907 0.984044 0.012049
021900 0.000 0.003579 0.984760 0.011660
022000 0.000 0.004091 0.983687 0.012222
022100 0.000 0.004698 0.982303 0.012998
022200 0.000 0.004349 0.983021 0.012630
022300 0.000 0.004324 0.983452 0.012222
022400 0.000 0.004320 0.983348 0.012331
022500 0.000 0.004594 0.982710 0.012697
022600 0.000 0.004243 0.982983 0.012773
022700 0.000 0.004290 0.983678 0.012032
022800 0.000 0.004590 0.983960 0.011449
022900 0.000 0.004578 0.983808 0.011613
023000 0.000 0.004803 0.983572 0.011625
023100 0.000 0.004688 0.983392 0.011919
023200 0.000 0.005038 0.983033 0.011928
023300 0.000 0.005578 0.981974 0.012448
023400 0.000 0.005533 0.982414 0.012053
023500 0.000 0.005516 0.982870 0.011614
023600 0.000 0.005322 0.982462 0.012217
023700 0.000 0.005220 0.982098 0.012681
023800 0.000 0.005600 0.981719 0.012681
023900 0.000 0.005228 0.982324 0.012447
024000 0.000 0.005181 0.982398 0.012421
024100 0.000 0.004909 0.981998 0.013092
024200 0.000 0.004731 0.982884 0.012385
024300 0.000 0.004625 0.982614 0.012760
024400 0.000 0.005158 0.981622 0.013178
024500 0.000 0.004642 0.981958 0.012981
024600 0.000 0.004396 0.983234 0.012014
024700 0.000 0.004564 0.983503 0.011850
024800 0.000 0.004605 0.984212 0.011183
024900 0.000 0.005382 0.984197 0.010420
025000 0.000 0.005381 0.983799 0.010821
025100 0.000 0.005578 0.983621 0.010800
025200 0.000 0.005578 0.983621 0.010800
025300 0.000 0.005578 0.983621 0.010800
025400 0.000 0.005578 0.983621 0.010800
025500 0.000 0.005578 0.983621 0.010800
025600 0.000 0.005578 0.983621 0.010800
025700 0.000 0.005578 0.983621 0.010800
025800 0.000 0.005578 0.983621 0.010800
025900 0.000 0.005578 0.983621 0.010800
026000 0.000 0.005578 0.983621 0.010800
026100 0.000 0.005578 0.983621 0.010800
026200 0.000 0.005578 0.983621 0.010800
026300 0.000 0.005578 0.983621 0.010800
026400 0.000 0.005578 0.983621 0.010800
026500 0.000 0.005578 0.983621 0.010800
026600 0.000 0.005578 0.983621 0.010800
026700 0.000 0.005578 0.983621 0.010800
026800 0.000 0.005578 0.983621 0.010800
026900 0.000 0.005578 0.983621 0.010800
027000 0.000 0.005578 0.983621 0.010800
027100 0.000 0.005578 0.983621 0.010800
027200 0.000 0.005578 0.983621 0.010800
027300 0.000 0.005578 0.983621 0.010800
027400 0.000 0.005578 0.983621 0.010800
027500 0.000 0.005578 0.983621 0.010800
027600 0.000 0.005578 0.983621 0.010800
027700 0.000 0.005578 0.983621 0.010800
027800 0.000 0.005578 0.983621 0.010800
027900 0.000 0.005578 0.983621 0.010800
028000 0.000 0.005578 0.983621 0.010800
028100 0.000 0.005578 0.983621 0.010800
028200 0.000 0.005578 0.983621 0.010800
028300 0.000 0.005578 0.983621 0.010800
028400 0.000 0.005578 0.983621 0.010800
028500 0.000 0.005578 0.983621 0.010800
028600 0.000 0.005578 0.983621 0.010800
028700 0.000 0.005578 0.983621 0.010800
028800 0.000 0.005578 0.983621 0.010800
028900 0.000 0.005578 0.983621 0.010800
029000 0.000 0.005578 0.983621 0.010800
029100 0.000 0.005578 0.983621 0.010800
029200 0.000 0.005578 0.983621 0.010800
029300 0.000 0.005578 0.983621 0.010800
029400 0.000 0.005578 0.983621 0.010800
029500 0.000 0.005578 0.983621 0.010800
029600 0.000 0.005578 0.983621 0.010800
029700 0.000 0.005578 0.983621 0.010800
029800 0.000 0.005578 0.983621 0.010800
029900 0.000 0.005578 0.983621 0.010800
030000 0.000 0.005578 0.983621 0.010800
030100 0.000 0.005578 0.983621 0.010800
030200 0.000 0.005578 0.983621 0.010800
030300 0.000 0.005578 0.983621 0.010800
030400 0.000 0.005578 0.983621 0.010800
030500 0.000 0.005578 0.983621 0.010800
030600 0.000 0.005578 0.983621 0.010800
030700 0.000 0.005578 0.983621 0.010800
030800 0.000 0.005578 0.983621 0.010800
030900 0.000 0.005578 0.983621 0.010800
031000 0.000 0.005578 0.983621 0.010800
031100 0.000 0.005578 0.983621 0.010800
031200 0.000 0.005578 0.983621 0.010800
031300 0.000 0.005578 0.983621 0.010800
031400 0.000 0.005578 0.983621 0.010800
031500 0.000 0.005578 0.983621 0.010800
031600 0.000 0.005578 0.983621 0.010800
031700 0.000 0.005578 0.983621 0.010800
031800 0.000 0.005578 0.983621 0.010800
031900 0.000 0.005578 0.983621 0.010800
032000 0.000 0.005578 0.983621 0.010800
032100 0.000 0.005578 0.983621 0.010800
032200 0.000 0.005578 0.983621 0.010800
032300 0.000 0.005578 0.983621 0.010800
032400 0.000 0.005578 0.983621 0.010800
032500 0.000 0.005578 0.983621 0.010800
032600 0.000 0.005578 0.983621 0.010800
032700 0.000 0.005578 0.983621 0.010800
032800 0.000 0.005578 0.983621 0.010800
032900 0.000 0.005578 0.983621 0.010800
033000 0.000 0.005578 0.983621 0.010800
033100 0.000 0.005578 0.983621 0.010800
033200 0.000 0.005578 0.983621 0.010800
033300 0.000 0.005578 0.983621 0.010800
033400 0.000 0.005578 0.983621 0.010800
033500 0.000 0.005578 0.983621 0.010800
033600 0.000 0.005578 0.983621 0.010800
033700 0.000 0.005578 0.983621 0.010800
033800 0.000 0.005578 0.983621 0.010800
033900 0.000 0.005578 0.983621 0.010800
034000 0.000 0.005578 0.983621 0.010800
034100 0.000 0.005578 0.983621 0.010800
034200 0.000 0.005578 0.983621 0.010800
034300 0.000 0.005578 0.983621 0.010800
034400 0.000 0.005578 0.983621 0.010800
034500 0.000 0.005578 0.983621 0.010800
034600 0.000 0.005578 0.983621 0.010800
034700 0.000 0.005578 0.983621 0.010800
034800 0.000 0.005578 0.983621 0.010800
034900 0.000 0.005578 0.983621 0.010800
035000 0.000 0.005578 0.983621 0.010800
035100 0.000 0.005578 0.983621 0.010800
035200 0.000 0.005578 0.983621 0.010800
035300 0.000 0.005578 0.983621 0.010800
035400 0.000 0.005578 0.983621 0.010800
035500 0.000 0.005578 0.983621 0.010800
035600 0.000 0.005578 0.983621 0.010800
035700 0.000 0.005578 0.983621 0.010800
035800 0.000 0.005578 0.983621 0.010800
035900 0.000 0.005578 0.983621 0.010800
036000 0.000 0.005578 0.983621 0.010800
036100 0.000 0.005578 0.983621 0.010800
036200 0.000 0.005578 0.983621 0.010800
036300 0.000 0.005578 0.983621 0.010800
036400 0.000 0.005578 0.983621 0.010800
036500 0.000 0.005578 0.983621 0.010800
036600 0.000 0.005578 0.983621 0.010800
036700 0.000 0.005578 0.983621 0.010800
036800 0.000 0.005578 0.983621 0.010800
036900 0.000 0.005578 0.983621 0.010800
037000 0.000 0.005578 0.983621 0.010800
037100 0.000 0.005578 0.983621 0.010800
037200 0.000 0.005578 0.983621 0.010800
037300 0.000 0.005578 0.983621 0.010800
037400 0.000 0.005578 0.983621 0.010800
037500 0.000 0.005578 0.983621 0.010800
037600 0.000 0.005578 0.983621 0.010800
037700 0.000 0.005578 0.983621 0.010800
037800 0.000 0.005578 0.983621 0.010800
037900 0.000 0.005578 0.983621 0.010800
038000 0.000 0.005578 0.983621 0.010800
038100 0.000 0.005578 0.983621 0.010800
038200 0.000 0.005578 0.983621 0.010800
038300 0.000 0.005578 0.983621 0.010800
038400 0.000 0.005578 0.983621 0.010800
038500 0.000 0.005578 0.983621 0.010800
038600 0.000 0.005578 0.983621 0.010800
038700 0.000 0.005578 0.983621 0.010800
038800 0.000 0.005578 0.983621 0.010800
038900 0.000 0.005578 0.983621 0.010800
039000 0.000 0.005578 0.983621 0.010800
039100 0.000 0.005578 0.983621 0.010800
039200 0.000 0.005578 0.983621 0.010800
039300 0.000 0.005578 0.983621 0.010800
039400 0.000 0.005578 0.983621 0.010800
039500 0.000 0.005578 0.983621 0.010800
039600 0.000 0.005578 0.983621 0.010800
039700 0.000 0.005578 0.983621 0.010800
039800 0.000 0.005578 0.983621 0.010800
039900 0.000 0.005578 0.983621 0.010800
040000 0.000 0.005578 0.983621 0.010800
040100 0.000 0.005578 0.983621 0.010800
040200 0.000 0.005578 0.983621 0.010800
040300 0.000 0.005578 0.983621 0.010800
040400 0.000 0.005578 0.983621 0.010800
040500 0.000 0.005578 0.983621 0.010800
040600 0.000 0.005578 0.983621 0.010800
040700 0.000 0.005578 0.983621 0.010800
040800 0.000 0.005578 0.983621 0.010800
040900 0.000 0.005578 0.983621 0.010800
041000 0.000 0.005578 0.983621 0.010800
041100 0.000 0.005578 0.983621 0.010800
041200 0.000 0.005578 0.983621 0.010800
041300 0.000 0.005578 0.983621 0.010800
041400 0.000 0.005578 0.983621 0.010800
041500 0.000 0.005578 0.983621 0.010800
041600 0.000 0.005578 0.983621 0.010800
041700 0.000 0.005578 0.983621 0.010800
041800 0.000 0.005578 0.983621 0.010800
041900 0.000 0.005578 0.983621 0.010800
042000 0.000 0.005578 0.983621 0.010800
042100 0.000 0.005578 0.983621 0.010800
042200 0.000 0.005578 0.983621 0.010800
042300 0.000 0.005578 0.983621 0.010800
042400 0.000 0.005578 0.983621 0.010800
042500 0.000 0.005578 0.983621 0.010800
042600 0.000 0.005578 0.983621 0.010800
042700 0.000 0.005578 0.983621 0.010800
042800 0.000 0.005578 0.983621 0.010800
042900 0.000 0.005578 0.983621 0.010800
043000 0.000 0.005578 0.983621 0.010800
043100 0.000 0.005578 0.983621 0.010800
043200 0.000 0.005578 0.983621 0.010800
043300 0.000 0.005578 0.983621 0.010800
043400 0.000 0.005578 0.983621 0.010800
043500 0.000 0.005578 0.983621 0.010800
043600 0.000 0.005578 0.983621 0.010800
043700 0.000 0.005578 0.983621 0.010800
043800 0.000 0.005578 0.983621 0.010800
043900 0.000 0.005578 0.983621 0.010800
044000 0.000 0.005578 0.983621 0.010800
044100 0.000 0.005578 0.983621 0.010800
044200 0.000 0.005578 0.983621 0.010800
044300 0.000 0.005578 0.983621 0.010800
044400 0.000 0.005578 0.983621 0.010800
044500 0.000 0.005578 0.983621 0.010800
044600 0.000 0.005578 0.983621 0.010800
044700 0.000 0.005578 0.983621 0.010800
044800 0.000 0.005578 0.983621 0.010800
044900 0.000 0.005578 0.983621 0.010800
045000 0.000 0.005578 0.983621 0.010800
045100 0.000 0.005578 0.983621 0.010800
045200 0.000 0.005578 0.983621 0.010800
045300 0.000 0.005578 0.983621 0.010800
045400 0.000 0.005578 0.983621 0.010800
045500 0.000 0.005578 0.983621 0.010800
045600 0.000 0.005578 0.983621 0.010800
045700 0.000 0.005578 0.983621 0.010800
045800 0.000 0.005578 0.983621 0.010800
045900 0.000 0.005578 0.983621 0.010800
046000 0.000 0.005578 0.983621 0.010800
046100 0.000 0.005578 0.983621 0.010800
046200 0.000 0.005578 0.983621 0.010800
046300 0.000 0.005578 0.983621 0.010800
046400 0.000 0.005578 0.983621 0.010800
046500 0.000 0.005578 0.983621 0.010800
046600 0.000 0.005578 0.983621 0.010800
046700 0.000 0.005578 0.983621 0.010800
046800 0.000 0.005578 0.983621 0.010800
046900 0.000 0.005578 0.983621 0.010800
047000 0.000 0.005578 0.983621 0.010800
047100 0.000 0.005578 0.983621 0.010800
047200 0.000 0.005578 0.983621 0.010800
047300 0.000 0.005578 0.983621 0.010800
047400 0.000 0.005578 0.983621 0.010800
047500 0.000 0.005578 0.983621 0.010800
047600 0.000 0.005578 0.983621 0.010800
047700 0.000 0.005578 0.983621 0.010800
047800 0.000 0.005578 0.983621 0.010800
047900 0.000 0.005578 0.983621 0.010800
048000 0.000 0.005578 0.983621 0.010800
048100 0.000 0.005578 0.983621 0.010800
048200 0.000 0.005578 0.983621 0.010800
048300 0.000 0.005578 0.983621 0.010800
048400 0.000 0.005578 0.983621 0.010800
048500 0.000 0.005578 0.983621 0.010800
048600 0.000 0.005578 0.983621 0.010800
048700 0.000 0.005578 0.983621 0.010800
048800 0.000 0.005578 0.983621 0.010800
048900 0.000 0.005578 0.983621 0.010800
049000 0.000 0.005578 0.983621 0.010800
049100 0.000 0.005578 0.983621 0.010800
049200 0.000 0.005578 0.983621 0.010800
049300 0.000 0.005578 0.983621 0.010800
049400 0.000 0.005578 0.983621 0.010800
049500 0.000 0.005578 0.983621 0.010800
049600 0.000 0.005578 0.983621 0.010800
049700 0.000 0.005578 0.983621 0.010800
049800 0.000 0.005578 0.983621 0.010800
049900 0.000 0.005578 0.983621 0.010800
050000 0.000 0.005578 0.983621 0.010800
