000000 0.250 0.250073 0.249514 0.250526
000100 0.923 0.019124 0.019142 0.039131
000200 0.957 0.008537 0.005736 0.029068
000300 0.953 0.007533 0.003665 0.035602
000400 0.939 0.007421 0.003681 0.049726
000500 0.917 0.007730 0.003588 0.072080
000600 0.888 0.008185 0.004241 0.099806
000700 0.853 0.009417 0.004799 0.132837
000800 0.815 0.009900 0.004526 0.171065
000900 0.774 0.011475 0.005125 0.209705
001000 0.732 0.013352 0.005164 0.249253
001100 0.692 0.014912 0.005266 0.287356
001200 0.653 0.016285 0.005400 0.325416
001300 0.613 0.017662 0.005349 0.363830
001400 0.573 0.019588 0.006029 0.401451
001500 0.535 0.020129 0.005963 0.439405
001600 0.495 0.021478 0.006080 0.477277
001700 0.457 0.022192 0.006326 0.514186
001800 0.421 0.024619 0.006433 0.547937
001900 0.388 0.027240 0.006706 0.578444
002000 0.358 0.027956 0.007546 0.606826
002100 0.331 0.030677 0.007714 0.630682
002200 0.307 0.031342 0.008267 0.652997
002300 0.288 0.030586 0.007681 0.674231
002400 0.269 0.032958 0.007255 0.690735
002500 0.254 0.033063 0.007608 0.705153
002600 0.241 0.034409 0.008047 0.716695
002700 0.229 0.034305 0.008456 0.728249
002800 0.218 0.035658 0.008708 0.738004
002900 0.210 0.034884 0.008710 0.746229
003000 0.201 0.035685 0.008441 0.755133
003100 0.193 0.036502 0.008951 0.761847
003200 0.184 0.037263 0.009411 0.768842
003300 0.180 0.038406 0.009754 0.772160
003400 0.177 0.038112 0.009319 0.775270
003500 0.173 0.037561 0.009828 0.779546
003600 0.169 0.037599 0.010150 0.783000
003700 0.167 0.037915 0.010728 0.784452
003800 0.166 0.037327 0.010904 0.785673
003900 0.162 0.038422 0.010946 0.788747
004000 0.161 0.038194 0.010808 0.789762
004100 0.158 0.038857 0.011131 0.792135
004200 0.157 0.039570 0.010966 0.792865
004300 0.156 0.039456 0.011563 0.792690
004400 0.156 0.040201 0.011542 0.792644
004500 0.154 0.040684 0.011162 0.793817
004600 0.155 0.040362 0.010556 0.794118
004700 0.155 0.039644 0.010455 0.795151
004800 0.155 0.040617 0.010444 0.794247
004900 0.154 0.040317 0.010001 0.795765
005000 0.152 0.039624 0.010633 0.797349
005100 0.150 0.040066 0.011059 0.798819
005200 0.149 0.040102 0.011271 0.799443
005300 0.147 0.039898 0.011840 0.800871
005400 0.148 0.039165 0.011683 0.801399
005500 0.146 0.038489 0.012067 0.803489
005600 0.146 0.038525 0.012494 0.803101
005700 0.145 0.038005 0.012614 0.804849
005800 0.141 0.038006 0.012756 0.808310
005900 0.140 0.037249 0.012956 0.809834
006000 0.138 0.037256 0.012137 0.812128
006100 0.136 0.037519 0.012285 0.813945
006200 0.135 0.037531 0.012500 0.815263
006300 0.134 0.036977 0.013488 0.815724
006400 0.132 0.037345 0.013978 0.816494
006500 0.132 0.037122 0.013944 0.817206
006600 0.131 0.036898 0.014902 0.817681
006700 0.129 0.036855 0.014742 0.819212
006800 0.128 0.037340 0.014481 0.820035
006900 0.126 0.037542 0.015431 0.820728
007000 0.126 0.038246 0.015142 0.821026
007100 0.124 0.038967 0.015798 0.821020
007200 0.122 0.039052 0.015780 0.822875
007300 0.121 0.039901 0.015965 0.823245
007400 0.120 0.038749 0.016052 0.825092
007500 0.119 0.038474 0.015271 0.827426
007600 0.120 0.036368 0.014883 0.828867
007700 0.119 0.035706 0.015374 0.829583
007800 0.119 0.038153 0.015531 0.827597
007900 0.117 0.037734 0.016027 0.829558
008000 0.115 0.037593 0.016135 0.830818
008100 0.116 0.037366 0.016879 0.829472
008200 0.116 0.035718 0.016254 0.832296
008300 0.114 0.036178 0.016384 0.833710
008400 0.114 0.036040 0.016808 0.833395
008500 0.113 0.035728 0.017528 0.833849
008600 0.113 0.034784 0.017911 0.834185
008700 0.111 0.034950 0.017285 0.836688
008800 0.109 0.034414 0.017452 0.838765
008900 0.108 0.034405 0.017156 0.840273
009000 0.107 0.034894 0.016380 0.841689
009100 0.107 0.033271 0.016509 0.843233
009200 0.107 0.033935 0.015978 0.843251
009300 0.108 0.034728 0.016439 0.841252
009400 0.107 0.034710 0.016876 0.841636
009500 0.107 0.035251 0.017915 0.840048
009600 0.108 0.033104 0.018108 0.840969
009700 0.106 0.032432 0.017909 0.843492
009800 0.104 0.033364 0.017676 0.844489
009900 0.104 0.033332 0.018817 0.844277
010000 0.102 0.033709 0.018606 0.845528
010100 0.099 0.034494 0.018665 0.848012
010200 0.097 0.034408 0.018709 0.850187
010300 0.096 0.034528 0.018106 0.851210
010400 0.097 0.034133 0.017422 0.851649
010500 0.096 0.033783 0.017797 0.852170
010600 0.097 0.033898 0.017982 0.850924
010700 0.096 0.034539 0.018953 0.850662
010800 0.095 0.034178 0.017974 0.852524
010900 0.095 0.032606 0.018048 0.854144
011000 0.094 0.033015 0.017634 0.854860
011100 0.095 0.032620 0.017337 0.854740
011200 0.093 0.032555 0.017388 0.856686
011300 0.092 0.032101 0.017996 0.857638
011400 0.092 0.031644 0.017722 0.858237
011500 0.093 0.031123 0.017902 0.858297
011600 0.091 0.031424 0.017585 0.860451
011700 0.089 0.031067 0.017137 0.862499
011800 0.089 0.031791 0.016905 0.862205
011900 0.087 0.032224 0.017463 0.862976
012000 0.087 0.031539 0.017753 0.863275
012100 0.087 0.029996 0.017135 0.865710
012200 0.087 0.030998 0.016557 0.865878
012300 0.084 0.031803 0.017040 0.866701
012400 0.083 0.032866 0.016589 0.867386
012500 0.083 0.032276 0.016881 0.868021
012600 0.082 0.033165 0.017060 0.867346
012700 0.081 0.033680 0.017269 0.867578
012800 0.081 0.033713 0.016850 0.868915
012900 0.080 0.033078 0.016781 0.869999
013000 0.080 0.030749 0.015839 0.873715
013100 0.077 0.030367 0.015781 0.876422
013200 0.077 0.029958 0.016244 0.876856
013300 0.077 0.029443 0.016502 0.877284
013400 0.075 0.029054 0.016647 0.878867
013500 0.075 0.029924 0.016294 0.878519
013600 0.074 0.030428 0.016456 0.878928
013700 0.074 0.030096 0.017497 0.878839
013800 0.072 0.030567 0.017309 0.879754
013900 0.072 0.030218 0.017829 0.880260
014000 0.070 0.029847 0.016510 0.883356
014100 0.070 0.028115 0.017063 0.884890
014200 0.069 0.027974 0.017125 0.886081
014300 0.068 0.028022 0.017765 0.886294
014400 0.067 0.028049 0.016493 0.888335
014500 0.066 0.028190 0.017474 0.888033
014600 0.066 0.028553 0.016790 0.888963
014700 0.065 0.029065 0.016090 0.890324
014800 0.064 0.028956 0.016227 0.891117
014900 0.064 0.027753 0.016165 0.892572
015000 0.063 0.027672 0.017203 0.891882
015100 0.063 0.028177 0.017307 0.891824
015200 0.062 0.029088 0.017848 0.891141
015300 0.062 0.027969 0.017601 0.892211
015400 0.062 0.027067 0.018049 0.892499
015500 0.061 0.026858 0.018447 0.893390
015600 0.061 0.026197 0.020000 0.892488
015700 0.061 0.025826 0.019910 0.893196
015800 0.061 0.025756 0.019756 0.893731
015900 0.061 0.024497 0.020456 0.893597
016000 0.061 0.025562 0.020594 0.893180
016100 0.060 0.024872 0.021082 0.894147
016200 0.059 0.025902 0.021123 0.893565
016300 0.059 0.025308 0.020741 0.894681
016400 0.058 0.024474 0.021609 0.896276
016500 0.056 0.025464 0.021080 0.897613
016600 0.055 0.026200 0.021510 0.897082
016700 0.055 0.025761 0.021087 0.898236
016800 0.056 0.025229 0.021365 0.897700
016900 0.056 0.024508 0.021448 0.898241
017000 0.055 0.024881 0.020332 0.900215
017100 0.054 0.025596 0.019903 0.900017
017200 0.054 0.025097 0.019685 0.901639
017300 0.054 0.024504 0.019672 0.901999
017400 0.054 0.023702 0.019453 0.903047
017500 0.054 0.023788 0.019652 0.902763
017600 0.053 0.023201 0.019048 0.904568
017700 0.052 0.023162 0.020390 0.904848
017800 0.050 0.023958 0.020117 0.905764
017900 0.049 0.024492 0.020044 0.906135
018000 0.049 0.024250 0.020088 0.906401
018100 0.049 0.024229 0.020901 0.906128
018200 0.048 0.023387 0.021439 0.907565
018300 0.047 0.023660 0.021020 0.908795
018400 0.046 0.024333 0.021915 0.908183
018500 0.045 0.024041 0.021348 0.909785
018600 0.044 0.023793 0.021040 0.911250
018700 0.043 0.022608 0.021096 0.913413
018800 0.043 0.021333 0.021968 0.913360
018900 0.044 0.021862 0.021788 0.912818
019000 0.043 0.022310 0.022048 0.912847
019100 0.042 0.021708 0.021056 0.914889
019200 0.042 0.021458 0.020487 0.915695
019300 0.042 0.021701 0.020242 0.916065
019400 0.041 0.021642 0.020410 0.916549
019500 0.040 0.021660 0.020683 0.917178
019600 0.040 0.020043 0.020926 0.918948
019700 0.038 0.020219 0.020856 0.920439
019800 0.038 0.020962 0.020357 0.920759
019900 0.037 0.020831 0.020881 0.921440
020000 0.036 0.020612 0.021017 0.922025
020100 0.036 0.020628 0.020611 0.923099
020200 0.035 0.021523 0.020447 0.922584
020300 0.035 0.022074 0.021586 0.921197
020400 0.034 0.021558 0.021736 0.922401
020500 0.034 0.022284 0.021415 0.922265
020600 0.034 0.022957 0.021067 0.921999
020700 0.034 0.023891 0.020564 0.921318
020800 0.035 0.022013 0.021560 0.921516
020900 0.034 0.022291 0.021201 0.922148
021000 0.034 0.022375 0.021216 0.922388
021100 0.033 0.022373 0.021036 0.923131
021200 0.033 0.021524 0.021924 0.923559
021300 0.033 0.021513 0.022851 0.923036
021400 0.033 0.022119 0.023097 0.921878
021500 0.033 0.020867 0.023502 0.922365
021600 0.033 0.022171 0.024219 0.920953
021700 0.032 0.021669 0.024197 0.922303
021800 0.031 0.022533 0.023195 0.923559
021900 0.031 0.023332 0.022265 0.923776
022000 0.031 0.023551 0.022433 0.923328
022100 0.030 0.022562 0.022084 0.924872
022200 0.030 0.022903 0.023030 0.924316
022300 0.030 0.022819 0.023918 0.923760
022400 0.029 0.023087 0.023325 0.924351
022500 0.029 0.023070 0.023683 0.924244
022600 0.028 0.022874 0.022933 0.926076
022700 0.027 0.022697 0.023509 0.926317
022800 0.027 0.023747 0.023808 0.925747
022900 0.027 0.022719 0.024934 0.925646
023000 0.027 0.023727 0.024867 0.924869
023100 0.028 0.023985 0.024797 0.923599
023200 0.027 0.024536 0.025422 0.922578
023300 0.027 0.025010 0.026366 0.921465
023400 0.026 0.023091 0.026906 0.924260
023500 0.026 0.022732 0.026622 0.924931
023600 0.026 0.023852 0.026694 0.923585
023700 0.027 0.024415 0.026133 0.922794
023800 0.027 0.024629 0.025422 0.923060
023900 0.026 0.025526 0.025629 0.922809
024000 0.026 0.025467 0.026040 0.922510
024100 0.027 0.024042 0.025959 0.922969
024200 0.027 0.024563 0.026696 0.922124
024300 0.026 0.025067 0.027360 0.921730
024400 0.026 0.024031 0.028674 0.920892
024500 0.026 0.023376 0.027329 0.923219
024600 0.025 0.024934 0.026244 0.924206
024700 0.024 0.024810 0.025806 0.925451
024800 0.023 0.024575 0.025372 0.926834
024900 0.023 0.024450 0.025275 0.927014
025000 0.024 0.024441 0.024569 0.926578
025100 0.025 0.023577 0.024796 0.926790
025200 0.025 0.023577 0.024796 0.926790
025300 0.025 0.023577 0.024796 0.926790
025400 0.025 0.023577 0.024796 0.926790
025500 0.025 0.023577 0.024796 0.926790
025600 0.025 0.023577 0.024796 0.926790
025700 0.025 0.023577 0.024796 0.926790
025800 0.025 0.023577 0.024796 0.926790
025900 0.025 0.023577 0.024796 0.926790
026000 0.025 0.023577 0.024796 0.926790
026100 0.025 0.023577 0.024796 0.926790
026200 0.025 0.023577 0.024796 0.926790
026300 0.025 0.023577 0.024796 0.926790
026400 0.025 0.023577 0.024796 0.926790
026500 0.025 0.023577 0.024796 0.926790
026600 0.025 0.023577 0.024796 0.926790
026700 0.025 0.023577 0.024796 0.926790
026800 0.025 0.023577 0.024796 0.926790
026900 0.025 0.023577 0.024796 0.926790
027000 0.025 0.023577 0.024796 0.926790
027100 0.025 0.023577 0.024796 0.926790
027200 0.025 0.023577 0.024796 0.926790
027300 0.025 0.023577 0.024796 0.926790
027400 0.025 0.023577 0.024796 0.926790
027500 0.025 0.023577 0.024796 0.926790
027600 0.025 0.023577 0.024796 0.926790
027700 0.025 0.023577 0.024796 0.926790
027800 0.025 0.023577 0.024796 0.926790
027900 0.025 0.023577 0.024796 0.926790
028000 0.025 0.023577 0.024796 0.926790
028100 0.025 0.023577 0.024796 0.926790
028200 0.025 0.023577 0.024796 0.926790
028300 0.025 0.023577 0.024796 0.926790
028400 0.025 0.023577 0.024796 0.926790
028500 0.025 0.023577 0.024796 0.926790
028600 0.025 0.023577 0.024796 0.926790
028700 0.025 0.023577 0.024796 0.926790
028800 0.025 0.023577 0.024796 0.926790
028900 0.025 0.023577 0.024796 0.926790
029000 0.025 0.023577 0.024796 0.926790
029100 0.025 0.023577 0.024796 0.926790
029200 0.025 0.023577 0.024796 0.926790
029300 0.025 0.023577 0.024796 0.926790
029400 0.025 0.023577 0.024796 0.926790
029500 0.025 0.023577 0.024796 0.926790
029600 0.025 0.023577 0.024796 0.926790
029700 0.025 0.023577 0.024796 0.926790
029800 0.025 0.023577 0.024796 0.926790
029900 0.025 0.023577 0.024796 0.926790
030000 0.025 0.023577 0.024796 0.926790
030100 0.025 0.023577 0.024796 0.926790
030200 0.025 0.023577 0.024796 0.926790
030300 0.025 0.023577 0.024796 0.926790
030400 0.025 0.023577 0.024796 0.926790
030500 0.025 0.023577 0.024796 0.926790
030600 0.025 0.023577 0.024796 0.926790
030700 0.025 0.023577 0.024796 0.926790
030800 0.025 0.023577 0.024796 0.926790
030900 0.025 0.023577 0.024796 0.926790
031000 0.025 0.023577 0.024796 0.926790
031100 0.025 0.023577 0.024796 0.926790
031200 0.025 0.023577 0.024796 0.926790
031300 0.025 0.023577 0.024796 0.926790
031400 0.025 0.023577 0.024796 0.926790
031500 0.025 0.023577 0.024796 0.926790
031600 0.025 0.023577 0.024796 0.926790
031700 0.025 0.023577 0.024796 0.926790
031800 0.025 0.023577 0.024796 0.926790
031900 0.025 0.023577 0.024796 0.926790
032000 0.025 0.023577 0.024796 0.926790
032100 0.025 0.023577 0.024796 0.926790
032200 0.025 0.023577 0.024796 0.926790
032300 0.025 0.023577 0.024796 0.926790
032400 0.025 0.023577 0.024796 0.926790
032500 0.025 0.023577 0.024796 0.926790
032600 0.025 0.023577 0.024796 0.926790
032700 0.025 0.023577 0.024796 0.926790
032800 0.025 0.023577 0.024796 0.926790
032900 0.025 0.023577 0.024796 0.926790
033000 0.025 0.023577 0.024796 0.926790
033100 0.025 0.023577 0.024796 0.926790
033200 0.025 0.023577 0.024796 0.926790
033300 0.025 0.023577 0.024796 0.926790
033400 0.025 0.023577 0.024796 0.926790
033500 0.025 0.023577 0.024796 0.926790
033600 0.025 0.023577 0.024796 0.926790
033700 0.025 0.023577 0.024796 0.926790
033800 0.025 0.023577 0.024796 0.926790
033900 0.025 0.023577 0.024796 0.926790
034000 0.025 0.023577 0.024796 0.926790
034100 0.025 0.023577 0.024796 0.926790
034200 0.025 0.023577 0.024796 0.926790
034300 0.025 0.023577 0.024796 0.926790
034400 0.025 0.023577 0.024796 0.926790
034500 0.025 0.023577 0.024796 0.926790
034600 0.025 0.023577 0.024796 0.926790
034700 0.025 0.023577 0.024796 0.926790
034800 0.025 0.023577 0.024796 0.926790
034900 0.025 0.023577 0.024796 0.926790
035000 0.025 0.023577 0.024796 0.926790
035100 0.025 0.023577 0.024796 0.926790
035200 0.025 0.023577 0.024796 0.926790
035300 0.025 0.023577 0.024796 0.926790
035400 0.025 0.023577 0.024796 0.926790
035500 0.025 0.023577 0.024796 0.926790
035600 0.025 0.023577 0.024796 0.926790
035700 0.025 0.023577 0.024796 0.926790
035800 0.025 0.023577 0.024796 0.926790
035900 0.025 0.023577 0.024796 0.926790
036000 0.025 0.023577 0.024796 0.926790
036100 0.025 0.023577 0.024796 0.926790
036200 0.025 0.023577 0.024796 0.926790
036300 0.025 0.023577 0.024796 0.926790
036400 0.025 0.023577 0.024796 0.926790
036500 0.025 0.023577 0.024796 0.926790
036600 0.025 0.023577 0.024796 0.926790
036700 0.025 0.023577 0.024796 0.926790
036800 0.025 0.023577 0.024796 0.926790
036900 0.025 0.023577 0.024796 0.926790
037000 0.025 0.023577 0.024796 0.926790
037100 0.025 0.023577 0.024796 0.926790
037200 0.025 0.023577 0.024796 0.926790
037300 0.025 0.023577 0.024796 0.926790
037400 0.025 0.023577 0.024796 0.926790
037500 0.025 0.023577 0.024796 0.926790
037600 0.025 0.023577 0.024796 0.926790
037700 0.025 0.023577 0.024796 0.926790
037800 0.025 0.023577 0.024796 0.926790
037900 0.025 0.023577 0.024796 0.926790
038000 0.025 0.023577 0.024796 0.926790
038100 0.025 0.023577 0.024796 0.926790
038200 0.025 0.023577 0.024796 0.926790
038300 0.025 0.023577 0.024796 0.926790
038400 0.025 0.023577 0.024796 0.926790
038500 0.025 0.023577 0.024796 0.926790
038600 0.025 0.023577 0.024796 0.926790
038700 0.025 0.023577 0.024796 0.926790
038800 0.025 0.023577 0.024796 0.926790
038900 0.025 0.023577 0.024796 0.926790
039000 0.025 0.023577 0.024796 0.926790
039100 0.025 0.023577 0.024796 0.926790
039200 0.025 0.023577 0.024796 0.926790
039300 0.025 0.023577 0.024796 0.926790
039400 0.025 0.023577 0.024796 0.926790
039500 0.025 0.023577 0.024796 0.926790
039600 0.025 0.023577 0.024796 0.926790
039700 0.025 0.023577 0.024796 0.926790
039800 0.025 0.023577 0.024796 0.926790
039900 0.025 0.023577 0.024796 0.926790
040000 0.025 0.023577 0.024796 0.926790
040100 0.025 0.023577 0.024796 0.926790
040200 0.025 0.023577 0.024796 0.926790
040300 0.025 0.023577 0.024796 0.926790
040400 0.025 0.023577 0.024796 0.926790
040500 0.025 0.023577 0.024796 0.926790
040600 0.025 0.023577 0.024796 0.926790
040700 0.025 0.023577 0.024796 0.926790
040800 0.025 0.023577 0.024796 0.926790
040900 0.025 0.023577 0.024796 0.926790
041000 0.025 0.023577 0.024796 0.926790
041100 0.025 0.023577 0.024796 0.926790
041200 0.025 0.023577 0.024796 0.926790
041300 0.025 0.023577 0.024796 0.926790
041400 0.025 0.023577 0.024796 0.926790
041500 0.025 0.023577 0.024796 0.926790
041600 0.025 0.023577 0.024796 0.926790
041700 0.025 0.023577 0.024796 0.926790
041800 0.025 0.023577 0.024796 0.926790
041900 0.025 0.023577 0.024796 0.926790
042000 0.025 0.023577 0.024796 0.926790
042100 0.025 0.023577 0.024796 0.926790
042200 0.025 0.023577 0.024796 0.926790
042300 0.025 0.023577 0.024796 0.926790
042400 0.025 0.023577 0.024796 0.926790
042500 0.025 0.023577 0.024796 0.926790
042600 0.025 0.023577 0.024796 0.926790
042700 0.025 0.023577 0.024796 0.926790
042800 0.025 0.023577 0.024796 0.926790
042900 0.025 0.023577 0.024796 0.926790
043000 0.025 0.023577 0.024796 0.926790
043100 0.025 0.023577 0.024796 0.926790
043200 0.025 0.023577 0.024796 0.926790
043300 0.025 0.023577 0.024796 0.926790
043400 0.025 0.023577 0.024796 0.926790
043500 0.025 0.023577 0.024796 0.926790
043600 0.025 0.023577 0.024796 0.926790
043700 0.025 0.023577 0.024796 0.926790
043800 0.025 0.023577 0.024796 0.926790
043900 0.025 0.023577 0.024796 0.926790
044000 0.025 0.023577 0.024796 0.926790
044100 0.025 0.023577 0.024796 0.926790
044200 0.025 0.023577 0.024796 0.926790
044300 0.025 0.023577 0.024796 0.926790
044400 0.025 0.023577 0.024796 0.926790
044500 0.025 0.023577 0.024796 0.926790
044600 0.025 0.023577 0.024796 0.926790
044700 0.025 0.023577 0.024796 0.926790
044800 0.025 0.023577 0.024796 0.926790
044900 0.025 0.023577 0.024796 0.926790
045000 0.025 0.023577 0.024796 0.926790
045100 0.025 0.023577 0.024796 0.926790
045200 0.025 0.023577 0.024796 0.926790
045300 0.025 0.023577 0.024796 0.926790
045400 0.025 0.023577 0.024796 0.926790
045500 0.025 0.023577 0.024796 0.926790
045600 0.025 0.023577 0.024796 0.926790
045700 0.025 0.023577 0.024796 0.926790
045800 0.025 0.023577 0.024796 0.926790
045900 0.025 0.023577 0.024796 0.926790
046000 0.025 0.023577 0.024796 0.926790
046100 0.025 0.023577 0.024796 0.926790
046200 0.025 0.023577 0.024796 0.926790
046300 0.025 0.023577 0.024796 0.926790
046400 0.025 0.023577 0.024796 0.926790
046500 0.025 0.023577 0.024796 0.926790
046600 0.025 0.023577 0.024796 0.926790
046700 0.025 0.023577 0.024796 0.926790
046800 0.025 0.023577 0.024796 0.926790
046900 0.025 0.023577 0.024796 0.926790
047000 0.025 0.023577 0.024796 0.926790
047100 0.025 0.023577 0.024796 0.926790
047200 0.025 0.023577 0.024796 0.926790
047300 0.025 0.023577 0.024796 0.926790
047400 0.025 0.023577 0.024796 0.926790
047500 0.025 0.023577 0.024796 0.926790
047600 0.025 0.023577 0.024796 0.926790
047700 0.025 0.023577 0.024796 0.926790
047800 0.025 0.023577 0.024796 0.926790
047900 0.025 0.023577 0.024796 0.926790
048000 0.025 0.023577 0.024796 0.926790
048100 0.025 0.023577 0.024796 0.926790
048200 0.025 0.023577 0.024796 0.926790
048300 0.025 0.023577 0.024796 0.926790
048400 0.025 0.023577 0.024796 0.926790
048500 0.025 0.023577 0.024796 0.926790
048600 0.025 0.023577 0.024796 0.926790
048700 0.025 0.023577 0.024796 0.926790
048800 0.025 0.023577 0.024796 0.926790
048900 0.025 0.023577 0.024796 0.926790
049000 0.025 0.023577 0.024796 0.926790
049100 0.025 0.023577 0.024796 0.926790
049200 0.025 0.023577 0.024796 0.926790
049300 0.025 0.023577 0.024796 0.926790
049400 0.025 0.023577 0.024796 0.926790
049500 0.025 0.023577 0.024796 0.926790
049600 0.025 0.023577 0.024796 0.926790
049700 0.025 0.023577 0.024796 0.926790
049800 0.025 0.023577 0.024796 0.926790
049900 0.025 0.023577 0.024796 0.926790
050000 0.025 0.023577 0.024796 0.926790
