000000 0.250 0.249917 0.250125 0.249887
000100 0.784 0.026862 0.113564 0.075804
000200 0.829 0.007935 0.115211 0.047800
000300 0.823 0.003605 0.137187 0.036569
000400 0.793 0.002242 0.173855 0.031274
000500 0.745 0.001471 0.224572 0.028598
000600 0.682 0.001184 0.288963 0.027426
000700 0.608 0.000766 0.361983 0.028799
000800 0.527 0.000767 0.441840 0.030529
000900 0.443 0.000779 0.524933 0.030823
001000 0.364 0.000557 0.603831 0.032105
001100 0.289 0.000585 0.677617 0.032967
001200 0.222 0.000693 0.743909 0.033860
001300 0.164 0.000400 0.802656 0.032785
001400 0.116 0.000408 0.851704 0.031956
001500 0.077 0.000313 0.889242 0.033692
001600 0.046 0.000318 0.919558 0.034497
001700 0.025 0.000383 0.938708 0.036117
001800 0.013 0.000284 0.949914 0.036407
001900 0.007 0.000199 0.956234 0.036497
002000 0.003 0.000288 0.959211 0.037080
002100 0.001 0.000403 0.961053 0.037187
002200 0.000 0.000374 0.962442 0.036965
002300 0.000 0.000493 0.963129 0.036378
002400 0.000 0.000528 0.963154 0.036317
002500 0.000 0.000428 0.964825 0.034747
002600 0.000 0.000299 0.963583 0.036117
002700 0.000 0.000375 0.963621 0.036004
002800 0.000 0.000279 0.964888 0.034832
002900 0.000 0.000249 0.965806 0.033944
003000 0.000 0.000330 0.965055 0.034615
003100 0.000 0.000387 0.965041 0.034572
003200 0.000 0.000465 0.964765 0.034770
003300 0.000 0.000575 0.965326 0.034097
003400 0.000 0.000968 0.963361 0.035671
003500 0.000 0.000844 0.963481 0.035675
003600 0.000 0.000767 0.963494 0.035739
003700 0.000 0.000582 0.963812 0.035606
003800 0.000 0.000529 0.963869 0.035601
003900 0.000 0.000537 0.965150 0.034313
004000 0.000 0.000550 0.966398 0.033052
004100 0.000 0.000517 0.966431 0.033051
004200 0.000 0.000658 0.965791 0.033551
004300 0.000 0.000636 0.966255 0.033108
004400 0.000 0.000667 0.968643 0.030688
004500 0.000 0.000543 0.970528 0.028928
004600 0.000 0.000614 0.970136 0.029250
004700 0.000 0.000761 0.968407 0.030831
004800 0.000 0.000776 0.967703 0.031520
004900 0.000 0.000976 0.968208 0.030815
005000 0.000 0.000945 0.967876 0.031178
005100 0.000 0.001005 0.966972 0.032023
005200 0.000 0.000807 0.966699 0.032494
005300 0.000 0.000861 0.968499 0.030639
005400 0.000 0.000890 0.968676 0.030433
005500 0.000 0.000994 0.968486 0.030520
005600 0.000 0.000978 0.967655 0.031367
005700 0.000 0.001030 0.968349 0.030620
005800 0.000 0.001208 0.968264 0.030527
005900 0.000 0.001199 0.968494 0.030306
006000 0.000 0.001435 0.966565 0.032000
006100 0.000 0.001417 0.967919 0.030664
006200 0.000 0.001542 0.967820 0.030638
006300 0.000 0.001383 0.967846 0.030770
006400 0.000 0.001359 0.967622 0.031019
006500 0.000 0.001172 0.968261 0.030566
006600 0.000 0.001362 0.967017 0.031619
006700 0.000 0.001244 0.967117 0.031638
006800 0.000 0.001511 0.967408 0.031081
006900 0.000 0.001619 0.969547 0.028833
007000 0.000 0.001751 0.969522 0.028728
007100 0.000 0.001999 0.969116 0.028885
007200 0.000 0.001759 0.969070 0.029170
007300 0.000 0.001619 0.968258 0.030122
007400 0.000 0.001482 0.968002 0.030516
007500 0.000 0.001686 0.967642 0.030671
007600 0.000 0.001715 0.967940 0.030344
007700 0.000 0.001885 0.967483 0.030631
007800 0.000 0.002009 0.968599 0.029392
007900 0.000 0.002065 0.969650 0.028285
008000 0.000 0.001733 0.970109 0.028158
008100 0.000 0.001787 0.968598 0.029615
008200 0.000 0.001758 0.968463 0.029779
008300 0.000 0.001806 0.968219 0.029976
008400 0.000 0.001825 0.968430 0.029745
008500 0.000 0.002189 0.967681 0.030130
008600 0.000 0.002465 0.969215 0.028319
008700 0.000 0.002467 0.969697 0.027835
008800 0.000 0.002156 0.968948 0.028897
008900 0.000 0.002483 0.967527 0.029990
009000 0.000 0.002208 0.967082 0.030710
009100 0.000 0.002274 0.967085 0.030640
009200 0.000 0.002063 0.967869 0.030067
009300 0.000 0.001969 0.968712 0.029319
009400 0.000 0.002084 0.969166 0.028749
009500 0.000 0.002363 0.968113 0.029524
009600 0.000 0.002265 0.967955 0.029781
009700 0.000 0.002332 0.967621 0.030047
009800 0.000 0.002259 0.968063 0.029678
009900 0.000 0.002502 0.967815 0.029683
010000 0.000 0.002671 0.967756 0.029573
010100 0.000 0.003025 0.967972 0.029003
010200 0.000 0.002892 0.968408 0.028700
010300 0.000 0.002667 0.969003 0.028267
010400 0.000 0.002492 0.969765 0.027476
010500 0.000 0.002537 0.968392 0.028690
010600 0.000 0.002380 0.967908 0.029656
010700 0.000 0.002610 0.967702 0.029688
010800 0.000 0.002448 0.966999 0.030553
010900 0.000 0.002488 0.966776 0.030736
011000 0.000 0.002502 0.966653 0.030844
011100 0.000 0.003014 0.966548 0.030438
011200 0.000 0.002730 0.966707 0.030563
011300 0.000 0.002874 0.965097 0.032028
011400 0.000 0.002767 0.964969 0.032264
011500 0.000 0.002591 0.965935 0.031473
011600 0.000 0.002619 0.965834 0.031547
011700 0.000 0.002831 0.965167 0.032002
011800 0.000 0.002805 0.966568 0.030626
011900 0.000 0.002582 0.967506 0.029913
012000 0.000 0.002500 0.967337 0.030162
012100 0.000 0.002521 0.966271 0.031208
012200 0.000 0.002585 0.968137 0.029278
012300 0.000 0.002651 0.967887 0.029462
012400 0.000 0.002433 0.967412 0.030155
012500 0.000 0.002585 0.967548 0.029867
012600 0.000 0.002638 0.968660 0.028701
012700 0.000 0.002993 0.968657 0.028350
012800 0.000 0.003116 0.968619 0.028265
012900 0.000 0.002720 0.968713 0.028497
013000 0.000 0.002625 0.967980 0.029247
013100 0.000 0.002436 0.968254 0.029226
013200 0.000 0.002307 0.968103 0.029590
013300 0.000 0.002059 0.967143 0.030798
013400 0.000 0.002138 0.965308 0.032554
013500 0.000 0.002008 0.965814 0.031948
013600 0.000 0.002206 0.965477 0.032198
013700 0.000 0.002469 0.964409 0.033122
013800 0.000 0.002488 0.964695 0.032817
013900 0.000 0.001981 0.966450 0.031568
014000 0.000 0.002067 0.965247 0.032686
014100 0.000 0.001956 0.963888 0.034156
014200 0.000 0.002370 0.963935 0.033695
014300 0.000 0.002552 0.962954 0.034492
014400 0.000 0.002308 0.962703 0.034990
014500 0.000 0.002614 0.963002 0.034384
014600 0.000 0.002818 0.962022 0.035159
014700 0.000 0.002687 0.961719 0.035594
014800 0.000 0.002714 0.962201 0.035085
014900 0.000 0.002837 0.959899 0.037264
015000 0.000 0.002468 0.960338 0.037194
015100 0.000 0.002775 0.959542 0.037682
015200 0.000 0.002818 0.958599 0.038582
015300 0.000 0.002786 0.959000 0.038214
015400 0.000 0.002940 0.959344 0.037717
015500 0.000 0.003237 0.959066 0.037697
015600 0.000 0.002941 0.957116 0.039943
015700 0.000 0.003127 0.956964 0.039908
015800 0.000 0.002690 0.957085 0.040225
015900 0.000 0.002485 0.957870 0.039644
016000 0.000 0.002647 0.956374 0.040980
016100 0.000 0.002465 0.957265 0.040270
016200 0.000 0.002565 0.956683 0.040752
016300 0.000 0.002802 0.956523 0.040674
016400 0.000 0.003017 0.955159 0.041823
016500 0.000 0.002800 0.956518 0.040681
016600 0.000 0.002696 0.956400 0.040903
016700 0.000 0.002408 0.957266 0.040326
016800 0.000 0.002214 0.956898 0.040888
016900 0.000 0.002212 0.957449 0.040338
017000 0.000 0.002303 0.955801 0.041896
017100 0.000 0.002296 0.955549 0.042156
017200 0.000 0.002265 0.955268 0.042466
017300 0.000 0.002326 0.955108 0.042565
017400 0.000 0.002142 0.954297 0.043560
017500 0.000 0.002110 0.954151 0.043738
017600 0.000 0.001769 0.955014 0.043217
017700 0.000 0.001782 0.955312 0.042906
017800 0.000 0.001769 0.954826 0.043405
017900 0.000 0.001813 0.953333 0.044854
018000 0.000 0.001981 0.951950 0.046069
018100 0.000 0.001728 0.953137 0.045135
018200 0.000 0.002033 0.952611 0.045356
018300 0.000 0.002218 0.952054 0.045728
018400 0.000 0.002405 0.952134 0.045461
018500 0.000 0.002028 0.952976 0.044996
018600 0.000 0.002227 0.952419 0.045354
018700 0.000 0.002369 0.952481 0.045150
018800 0.000 0.002527 0.951203 0.046268
018900 0.000 0.002542 0.948490 0.048969
019000 0.000 0.002343 0.946583 0.051074
019100 0.000 0.002330 0.947065 0.050605
019200 0.000 0.002469 0.948068 0.049462
019300 0.000 0.002476 0.949234 0.048290
019400 0.000 0.002147 0.948255 0.049599
019500 0.000 0.002042 0.949304 0.048653
019600 0.000 0.001733 0.948269 0.049997
019700 0.000 0.001388 0.948847 0.049765
019800 0.000 0.001279 0.948847 0.049874
019900 0.000 0.001247 0.947102 0.051651
020000 0.000 0.001347 0.946176 0.052476
020100 0.000 0.001431 0.945582 0.052986
020200 0.000 0.001678 0.944764 0.053558
020300 0.000 0.002004 0.943933 0.054062
020400 0.000 0.002067 0.942817 0.055115
020500 0.000 0.002042 0.942474 0.055484
020600 0.000 0.002029 0.942383 0.055588
020700 0.000 0.002044 0.943103 0.054853
020800 0.000 0.002469 0.943906 0.053624
020900 0.000 0.002445 0.944850 0.052705
021000 0.000 0.002278 0.945301 0.052410
021100 0.000 0.002960 0.945146 0.051894
021200 0.000 0.003268 0.944385 0.052347
021300 0.000 0.003257 0.944735 0.052008
021400 0.000 0.003656 0.945638 0.050706
021500 0.000 0.003709 0.945119 0.051172
021600 0.000 0.003714 0.944542 0.051744
021700 0.000 0.003417 0.945937 0.050646
021800 0.000 0.003761 0.948116 0.048123
021900 0.000 0.003576 0.948740 0.047685
022000 0.000 0.003466 0.947933 0.048601
022100 0.000 0.003551 0.948117 0.048331
022200 0.000 0.003623 0.947756 0.048622
022300 0.000 0.003637 0.948012 0.048351
022400 0.000 0.003567 0.948177 0.048256
022500 0.000 0.003646 0.948721 0.047633
022600 0.000 0.003812 0.949588 0.046599
022700 0.000 0.003352 0.949760 0.046888
022800 0.000 0.003326 0.950106 0.046567
022900 0.000 0.003196 0.949698 0.047106
023000 0.000 0.002709 0.950147 0.047144
023100 0.000 0.002854 0.950779 0.046367
023200 0.000 0.002682 0.951378 0.045940
023300 0.000 0.002894 0.952799 0.044307
023400 0.000 0.003081 0.953041 0.043878
023500 0.000 0.003353 0.953360 0.043286
023600 0.000 0.003246 0.953562 0.043192
023700 0.000 0.003356 0.952828 0.043816
023800 0.000 0.003622 0.952540 0.043839
023900 0.000 0.003802 0.952137 0.044061
024000 0.000 0.004206 0.950890 0.044904
024100 0.000 0.003470 0.951763 0.044766
024200 0.000 0.003524 0.952803 0.043672
024300 0.000 0.003622 0.952092 0.044285
024400 0.000 0.003390 0.953435 0.043175
024500 0.000 0.003471 0.951822 0.044707
024600 0.000 0.003977 0.951532 0.044491
024700 0.000 0.003715 0.951878 0.044397
024800 0.000 0.004085 0.950067 0.045849
024900 0.000 0.004155 0.950511 0.045333
025000 0.000 0.004484 0.950788 0.044728
025100 0.000 0.003865 0.951519 0.044616
025200 0.000 0.003865 0.951519 0.044616
025300 0.000 0.003865 0.951519 0.044616
025400 0.000 0.003865 0.951519 0.044616
025500 0.000 0.003865 0.951519 0.044616
025600 0.000 0.003865 0.951519 0.044616
025700 0.000 0.003865 0.951519 0.044616
025800 0.000 0.003865 0.951519 0.044616
025900 0.000 0.003865 0.951519 0.044616
026000 0.000 0.003865 0.951519 0.044616
026100 0.000 0.003865 0.951519 0.044616
026200 0.000 0.003865 0.951519 0.044616
026300 0.000 0.003865 0.951519 0.044616
026400 0.000 0.003865 0.951519 0.044616
026500 0.000 0.003865 0.951519 0.044616
026600 0.000 0.003865 0.951519 0.044616
026700 0.000 0.003865 0.951519 0.044616
026800 0.000 0.003865 0.951519 0.044616
026900 0.000 0.003865 0.951519 0.044616
027000 0.000 0.003865 0.951519 0.044616
027100 0.000 0.003865 0.951519 0.044616
027200 0.000 0.003865 0.951519 0.044616
027300 0.000 0.003865 0.951519 0.044616
027400 0.000 0.003865 0.951519 0.044616
027500 0.000 0.003865 0.951519 0.044616
027600 0.000 0.003865 0.951519 0.044616
027700 0.000 0.003865 0.951519 0.044616
027800 0.000 0.003865 0.951519 0.044616
027900 0.000 0.003865 0.951519 0.044616
028000 0.000 0.003865 0.951519 0.044616
028100 0.000 0.003865 0.951519 0.044616
028200 0.000 0.003865 0.951519 0.044616
028300 0.000 0.003865 0.951519 0.044616
028400 0.000 0.003865 0.951519 0.044616
028500 0.000 0.003865 0.951519 0.044616
028600 0.000 0.003865 0.951519 0.044616
028700 0.000 0.003865 0.951519 0.044616
028800 0.000 0.003865 0.951519 0.044616
028900 0.000 0.003865 0.951519 0.044616
029000 0.000 0.003865 0.951519 0.044616
029100 0.000 0.003865 0.951519 0.044616
029200 0.000 0.003865 0.951519 0.044616
029300 0.000 0.003865 0.951519 0.044616
029400 0.000 0.003865 0.951519 0.044616
029500 0.000 0.003865 0.951519 0.044616
029600 0.000 0.003865 0.951519 0.044616
029700 0.000 0.003865 0.951519 0.044616
029800 0.000 0.003865 0.951519 0.044616
029900 0.000 0.003865 0.951519 0.044616
030000 0.000 0.003865 0.951519 0.044616
030100 0.000 0.003865 0.951519 0.044616
030200 0.000 0.003865 0.951519 0.044616
030300 0.000 0.003865 0.951519 0.044616
030400 0.000 0.003865 0.951519 0.044616
030500 0.000 0.003865 0.951519 0.044616
030600 0.000 0.003865 0.951519 0.044616
030700 0.000 0.003865 0.951519 0.044616
030800 0.000 0.003865 0.951519 0.044616
030900 0.000 0.003865 0.951519 0.044616
031000 0.000 0.003865 0.951519 0.044616
031100 0.000 0.003865 0.951519 0.044616
031200 0.000 0.003865 0.951519 0.044616
031300 0.000 0.003865 0.951519 0.044616
031400 0.000 0.003865 0.951519 0.044616
031500 0.000 0.003865 0.951519 0.044616
031600 0.000 0.003865 0.951519 0.044616
031700 0.000 0.003865 0.951519 0.044616
031800 0.000 0.003865 0.951519 0.044616
031900 0.000 0.003865 0.951519 0.044616
032000 0.000 0.003865 0.951519 0.044616
032100 0.000 0.003865 0.951519 0.044616
032200 0.000 0.003865 0.951519 0.044616
032300 0.000 0.003865 0.951519 0.044616
032400 0.000 0.003865 0.951519 0.044616
032500 0.000 0.003865 0.951519 0.044616
032600 0.000 0.003865 0.951519 0.044616
032700 0.000 0.003865 0.951519 0.044616
032800 0.000 0.003865 0.951519 0.044616
032900 0.000 0.003865 0.951519 0.044616
033000 0.000 0.003865 0.951519 0.044616
033100 0.000 0.003865 0.951519 0.044616
033200 0.000 0.003865 0.951519 0.044616
033300 0.000 0.003865 0.951519 0.044616
033400 0.000 0.003865 0.951519 0.044616
033500 0.000 0.003865 0.951519 0.044616
033600 0.000 0.003865 0.951519 0.044616
033700 0.000 0.003865 0.951519 0.044616
033800 0.000 0.003865 0.951519 0.044616
033900 0.000 0.003865 0.951519 0.044616
034000 0.000 0.003865 0.951519 0.044616
034100 0.000 0.003865 0.951519 0.044616
034200 0.000 0.003865 0.951519 0.044616
034300 0.000 0.003865 0.951519 0.044616
034400 0.000 0.003865 0.951519 0.044616
034500 0.000 0.003865 0.951519 0.044616
034600 0.000 0.003865 0.951519 0.044616
034700 0.000 0.003865 0.951519 0.044616
034800 0.000 0.003865 0.951519 0.044616
034900 0.000 0.003865 0.951519 0.044616
035000 0.000 0.003865 0.951519 0.044616
035100 0.000 0.003865 0.951519 0.044616
035200 0.000 0.003865 0.951519 0.044616
035300 0.000 0.003865 0.951519 0.044616
035400 0.000 0.003865 0.951519 0.044616
035500 0.000 0.003865 0.951519 0.044616
035600 0.000 0.003865 0.951519 0.044616
035700 0.000 0.003865 0.951519 0.044616
035800 0.000 0.003865 0.951519 0.044616
035900 0.000 0.003865 0.951519 0.044616
036000 0.000 0.003865 0.951519 0.044616
036100 0.000 0.003865 0.951519 0.044616
036200 0.000 0.003865 0.951519 0.044616
036300 0.000 0.003865 0.951519 0.044616
036400 0.000 0.003865 0.951519 0.044616
036500 0.000 0.003865 0.951519 0.044616
036600 0.000 0.003865 0.951519 0.044616
036700 0.000 0.003865 0.951519 0.044616
036800 0.000 0.003865 0.951519 0.044616
036900 0.000 0.003865 0.951519 0.044616
037000 0.000 0.003865 0.951519 0.044616
037100 0.000 0.003865 0.951519 0.044616
037200 0.000 0.003865 0.951519 0.044616
037300 0.000 0.003865 0.951519 0.044616
037400 0.000 0.003865 0.951519 0.044616
037500 0.000 0.003865 0.951519 0.044616
037600 0.000 0.003865 0.951519 0.044616
037700 0.000 0.003865 0.951519 0.044616
037800 0.000 0.003865 0.951519 0.044616
037900 0.000 0.003865 0.951519 0.044616
038000 0.000 0.003865 0.951519 0.044616
038100 0.000 0.003865 0.951519 0.044616
038200 0.000 0.003865 0.951519 0.044616
038300 0.000 0.003865 0.951519 0.044616
038400 0.000 0.003865 0.951519 0.044616
038500 0.000 0.003865 0.951519 0.044616
038600 0.000 0.003865 0.951519 0.044616
038700 0.000 0.003865 0.951519 0.044616
038800 0.000 0.003865 0.951519 0.044616
038900 0.000 0.003865 0.951519 0.044616
039000 0.000 0.003865 0.951519 0.044616
039100 0.000 0.003865 0.951519 0.044616
039200 0.000 0.003865 0.951519 0.044616
039300 0.000 0.003865 0.951519 0.044616
039400 0.000 0.003865 0.951519 0.044616
039500 0.000 0.003865 0.951519 0.044616
039600 0.000 0.003865 0.951519 0.044616
039700 0.000 0.003865 0.951519 0.044616
039800 0.000 0.003865 0.951519 0.044616
039900 0.000 0.003865 0.951519 0.044616
040000 0.000 0.003865 0.951519 0.044616
040100 0.000 0.003865 0.951519 0.044616
040200 0.000 0.003865 0.951519 0.044616
040300 0.000 0.003865 0.951519 0.044616
040400 0.000 0.003865 0.951519 0.044616
040500 0.000 0.003865 0.951519 0.044616
040600 0.000 0.003865 0.951519 0.044616
040700 0.000 0.003865 0.951519 0.044616
040800 0.000 0.003865 0.951519 0.044616
040900 0.000 0.003865 0.951519 0.044616
041000 0.000 0.003865 0.951519 0.044616
041100 0.000 0.003865 0.951519 0.044616
041200 0.000 0.003865 0.951519 0.044616
041300 0.000 0.003865 0.951519 0.044616
041400 0.000 0.003865 0.951519 0.044616
041500 0.000 0.003865 0.951519 0.044616
041600 0.000 0.003865 0.951519 0.044616
041700 0.000 0.003865 0.951519 0.044616
041800 0.000 0.003865 0.951519 0.044616
041900 0.000 0.003865 0.951519 0.044616
042000 0.000 0.003865 0.951519 0.044616
042100 0.000 0.003865 0.951519 0.044616
042200 0.000 0.003865 0.951519 0.044616
042300 0.000 0.003865 0.951519 0.044616
042400 0.000 0.003865 0.951519 0.044616
042500 0.000 0.003865 0.951519 0.044616
042600 0.000 0.003865 0.951519 0.044616
042700 0.000 0.003865 0.951519 0.044616
042800 0.000 0.003865 0.951519 0.044616
042900 0.000 0.003865 0.951519 0.044616
043000 0.000 0.003865 0.951519 0.044616
043100 0.000 0.003865 0.951519 0.044616
043200 0.000 0.003865 0.951519 0.044616
043300 0.000 0.003865 0.951519 0.044616
043400 0.000 0.003865 0.951519 0.044616
043500 0.000 0.003865 0.951519 0.044616
043600 0.000 0.003865 0.951519 0.044616
043700 0.000 0.003865 0.951519 0.044616
043800 0.000 0.003865 0.951519 0.044616
043900 0.000 0.003865 0.951519 0.044616
044000 0.000 0.003865 0.951519 0.044616
044100 0.000 0.003865 0.951519 0.044616
044200 0.000 0.003865 0.951519 0.044616
044300 0.000 0.003865 0.951519 0.044616
044400 0.000 0.003865 0.951519 0.044616
044500 0.000 0.003865 0.951519 0.044616
044600 0.000 0.003865 0.951519 0.044616
044700 0.000 0.003865 0.951519 0.044616
044800 0.000 0.003865 0.951519 0.044616
044900 0.000 0.003865 0.951519 0.044616
045000 0.000 0.003865 0.951519 0.044616
045100 0.000 0.003865 0.951519 0.044616
045200 0.000 0.003865 0.951519 0.044616
045300 0.000 0.003865 0.951519 0.044616
045400 0.000 0.003865 0.951519 0.044616
045500 0.000 0.003865 0.951519 0.044616
045600 0.000 0.003865 0.951519 0.044616
045700 0.000 0.003865 0.951519 0.044616
045800 0.000 0.003865 0.951519 0.044616
045900 0.000 0.003865 0.951519 0.044616
046000 0.000 0.003865 0.951519 0.044616
046100 0.000 0.003865 0.951519 0.044616
046200 0.000 0.003865 0.951519 0.044616
046300 0.000 0.003865 0.951519 0.044616
046400 0.000 0.003865 0.951519 0.044616
046500 0.000 0.003865 0.951519 0.044616
046600 0.000 0.003865 0.951519 0.044616
046700 0.000 0.003865 0.951519 0.044616
046800 0.000 0.003865 0.951519 0.044616
046900 0.000 0.003865 0.951519 0.044616
047000 0.000 0.003865 0.951519 0.044616
047100 0.000 0.003865 0.951519 0.044616
047200 0.000 0.003865 0.951519 0.044616
047300 0.000 0.003865 0.951519 0.044616
047400 0.000 0.003865 0.951519 0.044616
047500 0.000 0.003865 0.951519 0.044616
047600 0.000 0.003865 0.951519 0.044616
047700 0.000 0.003865 0.951519 0.044616
047800 0.000 0.003865 0.951519 0.044616
047900 0.000 0.003865 0.951519 0.044616
048000 0.000 0.003865 0.951519 0.044616
048100 0.000 0.003865 0.951519 0.044616
048200 0.000 0.003865 0.951519 0.044616
048300 0.000 0.003865 0.951519 0.044616
048400 0.000 0.003865 0.951519 0.044616
048500 0.000 0.003865 0.951519 0.044616
048600 0.000 0.003865 0.951519 0.044616
048700 0.000 0.003865 0.951519 0.044616
048800 0.000 0.003865 0.951519 0.044616
048900 0.000 0.003865 0.951519 0.044616
049000 0.000 0.003865 0.951519 0.044616
049100 0.000 0.003865 0.951519 0.044616
049200 0.000 0.003865 0.951519 0.044616
049300 0.000 0.003865 0.951519 0.044616
049400 0.000 0.003865 0.951519 0.044616
049500 0.000 0.003865 0.951519 0.044616
049600 0.000 0.003865 0.951519 0.044616
049700 0.000 0.003865 0.951519 0.044616
049800 0.000 0.003865 0.951519 0.044616
049900 0.000 0.003865 0.951519 0.044616
050000 0.000 0.003865 0.951519 0.044616
